0.004,0.004,0.004,0.009,0.004,0.004,0.004,0.004,0.004,0.004,0.004,0.004,0.007,0.004,0.004,0.004,0.004,0.004,0.004,0.004,0.906
0.004,0.004,0.004,0.004,0.004,0.004,0.004,0.004,0.004,0.004,0.004,0.004,0.004,0.004,0.004,0.011,0.004,0.004,0.004,0.004,0.906
0.004,0.004,0.004,0.004,0.004,0.004,0.004,0.004,0.009,0.004,0.004,0.004,0.004,0.004,0.004,0.004,0.004,0.004,0.004,0.011,0.902
0.004,0.004,0.004,0.004,0.004,0.004,0.004,0.004,0.004,0.004,0.004,0.011,0.004,0.004,0.004,0.009,0.009,0.004,0.004,0.004,0.897
0.004,0.011,0.004,0.004,0.004,0.004,0.004,0.009,0.004,0.004,0.004,0.009,0.009,0.004,0.004,0.004,0.004,0.004,0.004,0.004,0.893
0.004,0.004,0.004,0.009,0.004,0.004,0.009,0.009,0.004,0.004,0.004,0.004,0.004,0.004,0.004,0.011,0.004,0.004,0.004,0.004,0.893
0.004,0.004,0.004,0.004,0.004,0.004,0.009,0.004,0.004,0.004,0.004,0.013,0.004,0.004,0.004,0.004,0.004,0.004,0.004,0.011,0.893
0.004,0.004,0.004,0.004,0.004,0.009,0.004,0.004,0.004,0.004,0.004,0.013,0.004,0.004,0.004,0.007,0.009,0.004,0.004,0.004,0.893
0.022,0.013,0.032,0.026,0.004,0.020,0.037,0.004,0.022,0.009,0.011,0.041,0.013,0.011,0.017,0.102,0.072,0.004,0.004,0.009,0.526
0.042,0.009,0.004,0.013,0.017,0.009,0.004,0.009,0.004,0.090,0.063,0.004,0.013,0.028,0.004,0.004,0.013,0.009,0.009,0.139,0.513
0.028,0.071,0.016,0.013,0.006,0.023,0.045,0.004,0.017,0.004,0.004,0.131,0.009,0.004,0.009,0.047,0.040,0.009,0.004,0.024,0.491
0.013,0.004,0.007,0.004,0.004,0.004,0.004,0.009,0.004,0.094,0.073,0.004,0.016,0.008,0.009,0.011,0.011,0.021,0.009,0.152,0.538
0.035,0.009,0.004,0.019,0.004,0.014,0.061,0.007,0.014,0.013,0.015,0.062,0.005,0.010,0.014,0.097,0.048,0.004,0.004,0.048,0.512
0.022,0.012,0.009,0.009,0.015,0.012,0.009,0.012,0.013,0.035,0.028,0.016,0.009,0.025,0.009,0.058,0.037,0.004,0.034,0.070,0.561
0.022,0.013,0.026,0.024,0.004,0.015,0.043,0.014,0.028,0.045,0.052,0.037,0.004,0.021,0.021,0.059,0.017,0.004,0.009,0.061,0.478
0.055,0.022,0.012,0.028,0.013,0.027,0.041,0.009,0.009,0.013,0.015,0.039,0.004,0.015,0.023,0.060,0.027,0.004,0.028,0.015,0.539
0.029,0.009,0.044,0.073,0.004,0.020,0.097,0.037,0.010,0.004,0.009,0.037,0.004,0.004,0.082,0.056,0.064,0.004,0.004,0.030,0.378
0.041,0.025,0.049,0.082,0.009,0.051,0.069,0.052,0.012,0.012,0.015,0.072,0.004,0.013,0.013,0.065,0.048,0.004,0.004,0.009,0.349
0.060,0.013,0.017,0.033,0.013,0.046,0.041,0.046,0.005,0.048,0.038,0.030,0.004,0.016,0.076,0.069,0.040,0.004,0.027,0.039,0.334
0.058,0.044,0.037,0.022,0.047,0.043,0.022,0.028,0.013,0.028,0.072,0.011,0.011,0.017,0.045,0.066,0.024,0.026,0.017,0.046,0.323
0.081,0.017,0.004,0.004,0.013,0.015,0.013,0.121,0.017,0.004,0.015,0.026,0.009,0.009,0.255,0.009,0.017,0.009,0.013,0.045,0.302
0.059,0.004,0.004,0.004,0.024,0.004,0.004,0.006,0.004,0.061,0.038,0.009,0.007,0.020,0.324,0.017,0.021,0.004,0.004,0.078,0.302
0.060,0.004,0.004,0.004,0.023,0.004,0.013,0.004,0.004,0.134,0.080,0.004,0.007,0.017,0.013,0.013,0.017,0.004,0.022,0.277,0.287
0.043,0.004,0.009,0.004,0.009,0.004,0.009,0.080,0.004,0.126,0.194,0.004,0.004,0.024,0.009,0.009,0.004,0.004,0.009,0.162,0.283
0.237,0.004,0.054,0.005,0.004,0.019,0.013,0.026,0.009,0.017,0.033,0.022,0.004,0.027,0.004,0.065,0.022,0.004,0.067,0.086,0.275
0.032,0.009,0.028,0.007,0.022,0.009,0.009,0.009,0.013,0.020,0.021,0.017,0.009,0.235,0.004,0.195,0.068,0.009,0.004,0.011,0.271
0.044,0.009,0.027,0.004,0.009,0.062,0.017,0.004,0.004,0.013,0.017,0.004,0.007,0.215,0.086,0.086,0.085,0.004,0.013,0.013,0.275
0.026,0.031,0.123,0.004,0.006,0.017,0.009,0.033,0.035,0.005,0.004,0.009,0.004,0.009,0.267,0.099,0.036,0.004,0.009,0.010,0.258
0.057,0.015,0.057,0.031,0.009,0.009,0.004,0.420,0.004,0.010,0.004,0.019,0.004,0.004,0.004,0.077,0.011,0.004,0.004,0.004,0.247
0.026,0.011,0.013,0.004,0.013,0.041,0.020,0.048,0.004,0.067,0.147,0.024,0.009,0.080,0.004,0.043,0.040,0.004,0.062,0.095,0.243
0.041,0.061,0.031,0.054,0.020,0.082,0.018,0.011,0.004,0.026,0.120,0.053,0.020,0.013,0.052,0.073,0.037,0.004,0.009,0.026,0.243
0.049,0.015,0.041,0.009,0.004,0.013,0.004,0.012,0.004,0.057,0.085,0.027,0.013,0.022,0.245,0.032,0.039,0.009,0.009,0.065,0.247
0.057,0.017,0.017,0.085,0.013,0.016,0.022,0.017,0.011,0.007,0.034,0.034,0.005,0.004,0.268,0.113,0.012,0.004,0.009,0.012,0.243
0.041,0.027,0.036,0.061,0.004,0.028,0.078,0.069,0.004,0.017,0.015,0.095,0.004,0.004,0.084,0.121,0.042,0.004,0.004,0.009,0.249
0.030,0.019,0.058,0.079,0.004,0.033,0.071,0.041,0.011,0.004,0.013,0.052,0.004,0.017,0.022,0.192,0.025,0.004,0.004,0.011,0.305
0.021,0.009,0.009,0.009,0.015,0.005,0.004,0.004,0.024,0.084,0.119,0.029,0.023,0.010,0.048,0.027,0.219,0.004,0.009,0.064,0.264
0.054,0.050,0.032,0.039,0.004,0.050,0.078,0.023,0.031,0.013,0.019,0.103,0.005,0.009,0.106,0.053,0.067,0.004,0.004,0.012,0.243
0.011,0.004,0.004,0.004,0.007,0.007,0.007,0.004,0.009,0.033,0.068,0.004,0.019,0.468,0.004,0.005,0.018,0.015,0.024,0.050,0.234
0.015,0.052,0.055,0.077,0.008,0.110,0.050,0.021,0.023,0.011,0.009,0.136,0.004,0.004,0.007,0.087,0.079,0.009,0.004,0.004,0.234
0.095,0.013,0.004,0.004,0.097,0.009,0.004,0.009,0.013,0.040,0.147,0.004,0.038,0.011,0.082,0.047,0.026,0.004,0.026,0.091,0.234
0.009,0.009,0.022,0.004,0.009,0.004,0.004,0.031,0.023,0.010,0.037,0.017,0.009,0.096,0.004,0.017,0.009,0.034,0.401,0.021,0.230
0.066,0.117,0.011,0.015,0.004,0.059,0.077,0.024,0.009,0.028,0.029,0.087,0.015,0.006,0.009,0.083,0.087,0.004,0.004,0.031,0.234
0.045,0.087,0.098,0.033,0.004,0.028,0.026,0.026,0.067,0.004,0.015,0.160,0.004,0.028,0.028,0.034,0.031,0.009,0.021,0.017,0.234
0.047,0.061,0.038,0.067,0.004,0.032,0.048,0.028,0.013,0.017,0.009,0.165,0.004,0.004,0.061,0.066,0.053,0.005,0.010,0.026,0.239
0.049,0.081,0.046,0.106,0.004,0.028,0.042,0.061,0.022,0.006,0.022,0.077,0.004,0.015,0.013,0.058,0.037,0.009,0.011,0.040,0.269
0.053,0.060,0.043,0.041,0.009,0.035,0.076,0.021,0.009,0.024,0.020,0.078,0.014,0.004,0.037,0.079,0.038,0.005,0.004,0.022,0.328
0.041,0.057,0.031,0.019,0.004,0.006,0.030,0.013,0.012,0.024,0.013,0.101,0.009,0.004,0.043,0.109,0.126,0.004,0.004,0.028,0.321
0.052,0.055,0.086,0.051,0.009,0.049,0.043,0.030,0.031,0.009,0.007,0.151,0.004,0.004,0.035,0.081,0.050,0.009,0.013,0.009,0.225
0.035,0.050,0.081,0.100,0.009,0.055,0.127,0.044,0.021,0.008,0.036,0.056,0.020,0.009,0.022,0.056,0.041,0.004,0.009,0.016,0.203
0.009,0.131,0.035,0.034,0.004,0.089,0.077,0.020,0.044,0.035,0.097,0.095,0.020,0.006,0.015,0.028,0.027,0.004,0.017,0.017,0.195
0.025,0.130,0.004,0.009,0.009,0.018,0.009,0.017,0.013,0.027,0.201,0.057,0.033,0.044,0.013,0.035,0.072,0.009,0.048,0.054,0.173
0.026,0.013,0.017,0.009,0.009,0.013,0.022,0.009,0.004,0.124,0.279,0.004,0.023,0.017,0.004,0.013,0.023,0.004,0.017,0.199,0.168
0.029,0.009,0.004,0.004,0.004,0.054,0.013,0.004,0.081,0.111,0.249,0.004,0.022,0.019,0.004,0.004,0.004,0.004,0.007,0.203,0.164
0.180,0.030,0.010,0.004,0.009,0.013,0.026,0.034,0.055,0.023,0.029,0.031,0.009,0.009,0.004,0.191,0.033,0.004,0.009,0.142,0.157
0.175,0.013,0.012,0.013,0.009,0.009,0.009,0.244,0.004,0.027,0.027,0.017,0.014,0.004,0.045,0.159,0.037,0.005,0.004,0.014,0.157
0.055,0.034,0.048,0.061,0.017,0.052,0.292,0.016,0.010,0.009,0.009,0.041,0.010,0.009,0.029,0.099,0.039,0.004,0.004,0.018,0.144
0.037,0.021,0.111,0.033,0.018,0.007,0.007,0.059,0.152,0.020,0.020,0.013,0.004,0.010,0.004,0.066,0.246,0.005,0.004,0.023,0.140
0.037,0.025,0.035,0.236,0.009,0.024,0.117,0.091,0.009,0.004,0.004,0.031,0.004,0.004,0.119,0.068,0.023,0.004,0.009,0.008,0.140
0.043,0.139,0.065,0.061,0.009,0.056,0.022,0.081,0.031,0.013,0.010,0.106,0.004,0.004,0.004,0.077,0.103,0.004,0.009,0.022,0.136
0.009,0.004,0.004,0.004,0.017,0.017,0.004,0.009,0.018,0.156,0.214,0.004,0.087,0.009,0.008,0.004,0.015,0.004,0.013,0.261,0.136
0.031,0.022,0.018,0.251,0.020,0.039,0.168,0.018,0.009,0.011,0.039,0.026,0.005,0.009,0.009,0.046,0.051,0.004,0.026,0.063,0.136
0.004,0.013,0.004,0.004,0.004,0.009,0.022,0.004,0.009,0.009,0.009,0.004,0.009,0.261,0.004,0.004,0.011,0.013,0.455,0.010,0.136
0.019,0.033,0.035,0.013,0.004,0.024,0.063,0.022,0.022,0.056,0.035,0.041,0.005,0.029,0.009,0.039,0.169,0.009,0.007,0.230,0.136
0.165,0.004,0.010,0.007,0.004,0.017,0.010,0.418,0.004,0.004,0.009,0.004,0.004,0.004,0.004,0.133,0.025,0.009,0.009,0.012,0.140
0.059,0.116,0.060,0.017,0.004,0.036,0.059,0.009,0.027,0.033,0.021,0.083,0.013,0.013,0.013,0.106,0.130,0.004,0.019,0.032,0.144
0.024,0.024,0.252,0.038,0.013,0.029,0.203,0.014,0.004,0.013,0.009,0.011,0.009,0.017,0.026,0.090,0.044,0.004,0.004,0.026,0.144
0.030,0.036,0.022,0.083,0.004,0.050,0.135,0.044,0.031,0.009,0.022,0.015,0.009,0.112,0.040,0.046,0.028,0.012,0.059,0.041,0.171
0.094,0.021,0.033,0.037,0.009,0.035,0.035,0.127,0.009,0.013,0.012,0.035,0.004,0.004,0.023,0.125,0.046,0.004,0.004,0.030,0.299
0.043,0.036,0.034,0.010,0.016,0.017,0.067,0.093,0.013,0.009,0.036,0.025,0.011,0.013,0.048,0.078,0.043,0.004,0.009,0.043,0.352
0.125,0.035,0.017,0.037,0.023,0.017,0.067,0.043,0.013,0.009,0.040,0.021,0.009,0.004,0.039,0.082,0.035,0.004,0.004,0.011,0.363
0.061,0.019,0.122,0.106,0.004,0.054,0.112,0.084,0.017,0.009,0.009,0.039,0.007,0.013,0.032,0.054,0.047,0.009,0.011,0.018,0.175
0.046,0.022,0.041,0.105,0.009,0.096,0.083,0.035,0.014,0.013,0.028,0.044,0.015,0.007,0.039,0.132,0.065,0.004,0.057,0.033,0.114
0.045,0.012,0.052,0.039,0.014,0.046,0.023,0.121,0.053,0.022,0.169,0.009,0.029,0.035,0.051,0.088,0.033,0.009,0.039,0.012,0.099
0.045,0.028,0.052,0.004,0.256,0.022,0.004,0.050,0.017,0.009,0.118,0.007,0.040,0.015,0.013,0.079,0.060,0.011,0.032,0.047,0.090
0.018,0.163,0.108,0.087,0.009,0.076,0.045,0.013,0.018,0.009,0.010,0.199,0.017,0.004,0.004,0.065,0.036,0.004,0.018,0.010,0.084
0.004,0.009,0.013,0.009,0.004,0.009,0.009,0.004,0.172,0.005,0.031,0.010,0.007,0.039,0.004,0.016,0.080,0.009,0.505,0.004,0.056
0.125,0.006,0.004,0.004,0.028,0.004,0.004,0.012,0.004,0.028,0.147,0.005,0.097,0.100,0.004,0.010,0.009,0.005,0.268,0.077,0.056
0.004,0.004,0.004,0.004,0.009,0.004,0.004,0.004,0.004,0.235,0.180,0.004,0.016,0.013,0.013,0.004,0.017,0.004,0.004,0.408,0.056
0.272,0.004,0.004,0.004,0.031,0.004,0.004,0.479,0.004,0.022,0.026,0.004,0.017,0.004,0.004,0.009,0.009,0.004,0.004,0.027,0.060
0.024,0.031,0.004,0.004,0.004,0.004,0.017,0.004,0.004,0.218,0.084,0.023,0.013,0.015,0.004,0.010,0.013,0.004,0.013,0.445,0.060
0.010,0.127,0.004,0.004,0.004,0.004,0.035,0.009,0.120,0.018,0.121,0.022,0.004,0.117,0.004,0.021,0.004,0.004,0.240,0.071,0.056
0.004,0.024,0.286,0.451,0.004,0.009,0.014,0.005,0.013,0.005,0.004,0.028,0.004,0.004,0.004,0.036,0.013,0.004,0.004,0.024,0.056
0.031,0.114,0.007,0.017,0.004,0.013,0.014,0.019,0.004,0.009,0.004,0.343,0.004,0.004,0.287,0.013,0.020,0.004,0.004,0.022,0.060
0.089,0.101,0.022,0.034,0.007,0.023,0.135,0.031,0.015,0.017,0.017,0.168,0.010,0.004,0.013,0.089,0.088,0.004,0.004,0.045,0.082
0.052,0.015,0.027,0.028,0.004,0.013,0.020,0.022,0.013,0.007,0.010,0.054,0.004,0.009,0.004,0.131,0.503,0.004,0.004,0.004,0.071
0.015,0.041,0.159,0.027,0.004,0.054,0.004,0.350,0.009,0.004,0.004,0.148,0.013,0.004,0.004,0.069,0.013,0.004,0.004,0.004,0.063
0.031,0.041,0.015,0.028,0.009,0.047,0.092,0.017,0.010,0.025,0.015,0.233,0.004,0.004,0.004,0.108,0.211,0.004,0.004,0.039,0.056
0.034,0.004,0.004,0.004,0.004,0.004,0.004,0.009,0.004,0.120,0.326,0.013,0.119,0.018,0.004,0.004,0.050,0.008,0.004,0.200,0.059
0.010,0.128,0.040,0.056,0.004,0.106,0.153,0.004,0.015,0.011,0.009,0.106,0.006,0.007,0.004,0.048,0.168,0.004,0.013,0.044,0.059
0.022,0.004,0.004,0.004,0.009,0.004,0.004,0.004,0.004,0.193,0.346,0.004,0.022,0.036,0.004,0.009,0.004,0.004,0.033,0.222,0.060
0.026,0.078,0.004,0.004,0.021,0.026,0.014,0.004,0.082,0.106,0.064,0.018,0.055,0.054,0.004,0.014,0.048,0.004,0.102,0.210,0.060
0.049,0.017,0.033,0.066,0.004,0.049,0.195,0.009,0.022,0.004,0.009,0.049,0.004,0.004,0.346,0.046,0.009,0.004,0.009,0.009,0.060
0.391,0.004,0.009,0.004,0.017,0.004,0.009,0.009,0.004,0.087,0.025,0.009,0.016,0.004,0.013,0.063,0.087,0.004,0.004,0.169,0.060
0.091,0.089,0.011,0.048,0.015,0.035,0.103,0.029,0.044,0.013,0.013,0.105,0.004,0.004,0.212,0.061,0.033,0.004,0.009,0.014,0.060
0.042,0.045,0.004,0.010,0.005,0.052,0.022,0.058,0.034,0.043,0.198,0.121,0.040,0.034,0.035,0.064,0.033,0.004,0.030,0.061,0.063
0.031,0.004,0.009,0.009,0.052,0.017,0.009,0.013,0.068,0.076,0.156,0.004,0.113,0.142,0.004,0.007,0.015,0.022,0.087,0.097,0.061
0.055,0.032,0.061,0.045,0.009,0.070,0.093,0.009,0.041,0.071,0.050,0.028,0.007,0.017,0.013,0.058,0.162,0.004,0.022,0.084,0.070
0.017,0.013,0.004,0.004,0.013,0.006,0.004,0.026,0.004,0.058,0.258,0.004,0.122,0.058,0.055,0.022,0.040,0.005,0.004,0.192,0.087
0.044,0.276,0.051,0.013,0.011,0.087,0.057,0.013,0.029,0.013,0.009,0.104,0.006,0.004,0.004,0.080,0.087,0.004,0.009,0.011,0.087
0.051,0.088,0.009,0.004,0.014,0.064,0.009,0.064,0.073,0.045,0.022,0.013,0.007,0.012,0.155,0.093,0.022,0.004,0.023,0.145,0.083
0.033,0.063,0.015,0.026,0.011,0.078,0.039,0.012,0.033,0.051,0.082,0.066,0.025,0.011,0.009,0.105,0.154,0.004,0.026,0.082,0.074
0.069,0.009,0.021,0.018,0.015,0.012,0.018,0.055,0.009,0.104,0.098,0.022,0.009,0.023,0.031,0.106,0.010,0.004,0.026,0.274,0.068
0.027,0.172,0.064,0.033,0.004,0.025,0.051,0.011,0.022,0.015,0.067,0.278,0.011,0.022,0.031,0.029,0.020,0.006,0.008,0.029,0.070
0.181,0.057,0.043,0.089,0.013,0.073,0.055,0.053,0.018,0.016,0.011,0.077,0.006,0.014,0.015,0.142,0.027,0.004,0.009,0.023,0.074
0.052,0.040,0.022,0.024,0.015,0.041,0.081,0.004,0.039,0.020,0.186,0.075,0.030,0.022,0.025,0.050,0.040,0.005,0.081,0.042,0.106
0.090,0.088,0.057,0.027,0.004,0.086,0.077,0.021,0.011,0.025,0.041,0.165,0.007,0.007,0.032,0.038,0.057,0.004,0.020,0.028,0.117
0.089,0.025,0.042,0.071,0.004,0.050,0.076,0.021,0.022,0.023,0.012,0.054,0.010,0.013,0.036,0.111,0.048,0.004,0.009,0.027,0.253
0.017,0.004,0.009,0.030,0.004,0.010,0.014,0.004,0.007,0.013,0.042,0.020,0.007,0.004,0.005,0.020,0.013,0.004,0.004,0.013,0.754
0.082,0.035,0.027,0.035,0.006,0.037,0.083,0.015,0.013,0.032,0.084,0.054,0.006,0.019,0.051,0.070,0.065,0.009,0.022,0.025,0.230
0.065,0.023,0.032,0.067,0.004,0.025,0.180,0.030,0.004,0.046,0.028,0.063,0.022,0.013,0.053,0.033,0.032,0.004,0.004,0.035,0.236
0.051,0.026,0.044,0.085,0.004,0.015,0.083,0.068,0.019,0.024,0.025,0.022,0.004,0.009,0.118,0.062,0.045,0.009,0.017,0.063,0.206
0.112,0.012,0.016,0.071,0.004,0.022,0.061,0.023,0.009,0.031,0.014,0.055,0.010,0.009,0.063,0.082,0.061,0.004,0.009,0.020,0.312
0.060,0.020,0.021,0.078,0.004,0.017,0.088,0.016,0.013,0.035,0.038,0.051,0.032,0.022,0.056,0.036,0.034,0.004,0.013,0.034,0.326
0.049,0.038,0.023,0.088,0.004,0.020,0.102,0.030,0.025,0.029,0.023,0.029,0.009,0.004,0.027,0.055,0.033,0.004,0.004,0.039,0.363
0.093,0.037,0.029,0.085,0.004,0.052,0.085,0.082,0.015,0.024,0.030,0.055,0.009,0.009,0.025,0.077,0.040,0.004,0.013,0.046,0.185
0.076,0.040,0.033,0.059,0.004,0.068,0.057,0.033,0.013,0.047,0.046,0.033,0.019,0.017,0.047,0.068,0.068,0.004,0.010,0.057,0.201
0.061,0.017,0.040,0.087,0.004,0.040,0.109,0.042,0.004,0.017,0.033,0.048,0.004,0.004,0.039,0.161,0.093,0.004,0.004,0.033,0.153
0.108,0.047,0.043,0.086,0.004,0.062,0.067,0.076,0.011,0.034,0.031,0.062,0.014,0.004,0.049,0.083,0.052,0.013,0.024,0.037,0.090
0.055,0.050,0.035,0.031,0.007,0.099,0.099,0.054,0.011,0.032,0.090,0.090,0.046,0.022,0.025,0.048,0.059,0.004,0.009,0.054,0.080
0.040,0.052,0.052,0.068,0.007,0.075,0.079,0.022,0.018,0.013,0.033,0.048,0.004,0.009,0.015,0.200,0.145,0.004,0.004,0.036,0.075
0.043,0.116,0.072,0.023,0.004,0.025,0.025,0.009,0.022,0.045,0.046,0.053,0.042,0.076,0.020,0.025,0.016,0.039,0.196,0.028,0.075
0.122,0.128,0.030,0.022,0.004,0.041,0.060,0.022,0.009,0.020,0.093,0.038,0.084,0.022,0.020,0.058,0.070,0.011,0.041,0.049,0.058
0.096,0.033,0.026,0.180,0.004,0.101,0.248,0.011,0.018,0.014,0.036,0.045,0.011,0.004,0.009,0.033,0.042,0.004,0.013,0.032,0.039
0.188,0.074,0.027,0.023,0.007,0.196,0.013,0.018,0.017,0.017,0.060,0.178,0.021,0.004,0.004,0.068,0.024,0.004,0.009,0.007,0.039
0.021,0.470,0.060,0.004,0.004,0.009,0.009,0.011,0.013,0.026,0.047,0.097,0.031,0.007,0.009,0.024,0.016,0.004,0.020,0.086,0.031
0.146,0.092,0.217,0.113,0.004,0.034,0.050,0.007,0.013,0.017,0.033,0.075,0.023,0.004,0.004,0.022,0.087,0.004,0.004,0.025,0.022
0.283,0.049,0.053,0.167,0.007,0.036,0.087,0.015,0.009,0.011,0.025,0.060,0.047,0.004,0.005,0.060,0.038,0.004,0.004,0.013,0.022
0.014,0.004,0.004,0.004,0.017,0.009,0.006,0.004,0.004,0.010,0.818,0.004,0.009,0.013,0.004,0.005,0.015,0.004,0.009,0.018,0.022
0.047,0.015,0.056,0.010,0.004,0.015,0.009,0.365,0.009,0.074,0.038,0.011,0.024,0.004,0.004,0.035,0.158,0.004,0.005,0.089,0.022
0.057,0.049,0.059,0.063,0.004,0.104,0.308,0.009,0.025,0.009,0.033,0.087,0.041,0.007,0.004,0.053,0.047,0.004,0.004,0.009,0.022
0.286,0.023,0.022,0.038,0.004,0.036,0.101,0.011,0.010,0.007,0.035,0.068,0.011,0.004,0.004,0.088,0.205,0.004,0.004,0.020,0.018
0.004,0.004,0.004,0.004,0.004,0.004,0.004,0.004,0.004,0.004,0.014,0.004,0.009,0.846,0.004,0.007,0.004,0.007,0.038,0.004,0.018
0.022,0.004,0.015,0.009,0.004,0.004,0.004,0.843,0.004,0.004,0.009,0.004,0.004,0.004,0.004,0.023,0.004,0.005,0.004,0.004,0.018
0.018,0.004,0.042,0.013,0.004,0.004,0.004,0.061,0.004,0.009,0.007,0.004,0.009,0.004,0.005,0.310,0.465,0.004,0.004,0.004,0.018
0.041,0.104,0.042,0.013,0.007,0.033,0.004,0.009,0.009,0.009,0.018,0.568,0.004,0.004,0.004,0.044,0.035,0.004,0.004,0.025,0.018
0.020,0.116,0.009,0.005,0.004,0.023,0.004,0.004,0.009,0.011,0.013,0.686,0.004,0.004,0.004,0.013,0.014,0.013,0.009,0.013,0.020
0.371,0.065,0.007,0.022,0.004,0.087,0.007,0.022,0.011,0.014,0.010,0.093,0.023,0.010,0.004,0.160,0.022,0.004,0.010,0.026,0.029
0.017,0.143,0.009,0.004,0.004,0.114,0.009,0.004,0.004,0.043,0.023,0.508,0.026,0.009,0.004,0.015,0.009,0.004,0.004,0.016,0.029
0.125,0.253,0.016,0.011,0.004,0.034,0.019,0.006,0.013,0.005,0.036,0.366,0.009,0.004,0.009,0.036,0.012,0.004,0.004,0.009,0.024
0.419,0.075,0.020,0.010,0.004,0.090,0.013,0.005,0.005,0.063,0.030,0.059,0.035,0.019,0.004,0.037,0.017,0.004,0.029,0.041,0.020
0.057,0.021,0.010,0.026,0.004,0.029,0.014,0.005,0.022,0.335,0.211,0.004,0.058,0.013,0.004,0.025,0.032,0.013,0.010,0.088,0.020
0.118,0.140,0.064,0.048,0.004,0.081,0.124,0.004,0.028,0.012,0.031,0.167,0.017,0.004,0.004,0.063,0.044,0.004,0.004,0.018,0.020
0.185,0.049,0.073,0.077,0.004,0.072,0.054,0.004,0.007,0.009,0.017,0.099,0.004,0.004,0.004,0.247,0.049,0.005,0.004,0.009,0.020
0.107,0.235,0.023,0.009,0.004,0.082,0.039,0.004,0.008,0.060,0.092,0.067,0.062,0.017,0.004,0.029,0.028,0.013,0.040,0.054,0.020
0.095,0.063,0.015,0.045,0.004,0.056,0.338,0.010,0.016,0.019,0.055,0.056,0.035,0.004,0.004,0.022,0.076,0.004,0.009,0.048,0.024
0.058,0.373,0.031,0.013,0.004,0.029,0.125,0.013,0.004,0.028,0.086,0.098,0.027,0.009,0.004,0.022,0.023,0.004,0.006,0.013,0.028
0.019,0.059,0.537,0.024,0.004,0.038,0.028,0.026,0.020,0.005,0.042,0.027,0.074,0.009,0.004,0.013,0.009,0.004,0.022,0.010,0.024
0.176,0.159,0.031,0.015,0.004,0.068,0.055,0.025,0.028,0.024,0.009,0.251,0.030,0.004,0.004,0.017,0.029,0.004,0.004,0.030,0.028
0.022,0.009,0.015,0.029,0.004,0.009,0.026,0.004,0.004,0.294,0.081,0.004,0.037,0.013,0.004,0.005,0.021,0.004,0.017,0.371,0.024
0.039,0.004,0.135,0.338,0.011,0.033,0.063,0.056,0.022,0.013,0.042,0.040,0.007,0.009,0.004,0.073,0.052,0.004,0.009,0.022,0.024
0.137,0.019,0.034,0.049,0.004,0.039,0.057,0.038,0.004,0.047,0.021,0.040,0.009,0.017,0.100,0.115,0.054,0.004,0.004,0.164,0.041
0.065,0.022,0.080,0.152,0.004,0.034,0.195,0.084,0.005,0.009,0.029,0.017,0.004,0.004,0.022,0.146,0.026,0.004,0.004,0.017,0.074
0.207,0.043,0.076,0.033,0.004,0.022,0.035,0.035,0.024,0.020,0.013,0.092,0.024,0.009,0.004,0.097,0.136,0.004,0.009,0.055,0.057
0.031,0.014,0.009,0.028,0.004,0.035,0.017,0.050,0.009,0.046,0.289,0.021,0.147,0.024,0.025,0.017,0.015,0.004,0.026,0.138,0.049
0.078,0.042,0.036,0.071,0.004,0.077,0.152,0.089,0.022,0.009,0.015,0.090,0.010,0.013,0.011,0.069,0.046,0.004,0.004,0.031,0.126
0.151,0.016,0.062,0.147,0.004,0.028,0.077,0.095,0.035,0.009,0.007,0.011,0.004,0.010,0.028,0.076,0.043,0.004,0.007,0.026,0.159
0.164,0.004,0.017,0.015,0.004,0.046,0.022,0.037,0.004,0.063,0.081,0.015,0.058,0.011,0.020,0.055,0.037,0.004,0.007,0.164,0.170
0.089,0.022,0.013,0.040,0.004,0.068,0.119,0.028,0.007,0.013,0.079,0.024,0.059,0.009,0.004,0.077,0.052,0.004,0.004,0.065,0.221
0.076,0.039,0.056,0.134,0.004,0.042,0.104,0.062,0.022,0.013,0.037,0.078,0.020,0.004,0.013,0.124,0.033,0.004,0.004,0.015,0.113
0.221,0.013,0.046,0.136,0.004,0.032,0.042,0.017,0.097,0.013,0.034,0.076,0.011,0.013,0.009,0.033,0.026,0.004,0.026,0.034,0.113
0.033,0.005,0.007,0.009,0.004,0.007,0.007,0.008,0.004,0.270,0.172,0.044,0.075,0.015,0.004,0.009,0.085,0.004,0.009,0.152,0.077
0.067,0.009,0.018,0.028,0.004,0.106,0.042,0.035,0.017,0.080,0.151,0.032,0.090,0.013,0.004,0.033,0.064,0.004,0.011,0.119,0.072
0.100,0.036,0.054,0.185,0.004,0.065,0.152,0.029,0.006,0.004,0.023,0.067,0.007,0.004,0.009,0.149,0.039,0.004,0.004,0.017,0.039
0.098,0.025,0.089,0.048,0.004,0.038,0.059,0.093,0.031,0.004,0.030,0.048,0.022,0.009,0.004,0.221,0.119,0.004,0.004,0.017,0.031
0.047,0.007,0.004,0.004,0.004,0.009,0.013,0.004,0.009,0.355,0.084,0.029,0.094,0.016,0.004,0.004,0.021,0.004,0.004,0.247,0.035
0.145,0.048,0.031,0.098,0.004,0.090,0.101,0.105,0.014,0.017,0.011,0.092,0.010,0.038,0.020,0.055,0.021,0.004,0.004,0.036,0.054
0.086,0.021,0.027,0.082,0.009,0.032,0.185,0.038,0.009,0.048,0.017,0.122,0.010,0.014,0.010,0.061,0.053,0.009,0.004,0.051,0.113
0.131,0.013,0.074,0.060,0.013,0.041,0.060,0.078,0.011,0.015,0.013,0.047,0.013,0.007,0.013,0.150,0.074,0.004,0.009,0.066,0.109
0.129,0.025,0.018,0.050,0.007,0.026,0.047,0.022,0.011,0.010,0.027,0.064,0.009,0.007,0.018,0.071,0.258,0.004,0.009,0.037,0.151
0.145,0.021,0.045,0.059,0.004,0.041,0.120,0.041,0.005,0.012,0.031,0.057,0.011,0.009,0.022,0.143,0.053,0.004,0.004,0.036,0.138
0.175,0.007,0.100,0.101,0.009,0.023,0.053,0.095,0.012,0.016,0.024,0.032,0.017,0.013,0.015,0.095,0.066,0.004,0.009,0.057,0.076
0.031,0.013,0.018,0.018,0.004,0.022,0.020,0.020,0.009,0.039,0.393,0.031,0.161,0.013,0.017,0.042,0.038,0.004,0.004,0.030,0.073
0.121,0.009,0.036,0.012,0.004,0.022,0.085,0.021,0.004,0.032,0.031,0.044,0.045,0.009,0.280,0.073,0.041,0.004,0.004,0.019,0.103
0.052,0.014,0.058,0.087,0.004,0.038,0.072,0.028,0.004,0.013,0.007,0.053,0.004,0.004,0.031,0.200,0.240,0.004,0.004,0.032,0.049
0.043,0.124,0.017,0.043,0.004,0.076,0.071,0.025,0.010,0.033,0.065,0.161,0.013,0.009,0.026,0.054,0.075,0.004,0.013,0.029,0.102
0.084,0.017,0.050,0.108,0.004,0.033,0.294,0.015,0.006,0.022,0.019,0.048,0.009,0.017,0.020,0.051,0.020,0.004,0.004,0.028,0.148
0.122,0.004,0.016,0.085,0.004,0.095,0.290,0.013,0.004,0.013,0.022,0.044,0.013,0.004,0.023,0.031,0.028,0.004,0.004,0.047,0.134
0.138,0.019,0.018,0.020,0.009,0.046,0.041,0.023,0.007,0.083,0.202,0.014,0.046,0.009,0.009,0.035,0.031,0.004,0.009,0.078,0.159
0.078,0.026,0.041,0.052,0.008,0.160,0.079,0.026,0.019,0.015,0.023,0.105,0.017,0.009,0.018,0.054,0.044,0.004,0.004,0.015,0.201
0.196,0.020,0.046,0.068,0.004,0.049,0.093,0.022,0.009,0.009,0.034,0.065,0.018,0.009,0.013,0.041,0.048,0.004,0.004,0.039,0.207
0.181,0.013,0.043,0.080,0.004,0.044,0.106,0.013,0.007,0.049,0.035,0.031,0.035,0.011,0.022,0.086,0.081,0.004,0.010,0.072,0.072
0.209,0.004,0.036,0.049,0.011,0.048,0.057,0.017,0.016,0.055,0.076,0.034,0.026,0.009,0.024,0.093,0.044,0.004,0.005,0.130,0.052
0.066,0.022,0.070,0.220,0.004,0.087,0.076,0.041,0.018,0.042,0.071,0.013,0.005,0.018,0.009,0.079,0.050,0.004,0.024,0.030,0.045
0.140,0.037,0.033,0.068,0.004,0.055,0.164,0.011,0.022,0.020,0.035,0.064,0.006,0.013,0.017,0.120,0.047,0.004,0.022,0.072,0.047
0.143,0.026,0.155,0.067,0.004,0.020,0.069,0.026,0.024,0.022,0.036,0.013,0.011,0.024,0.013,0.181,0.078,0.004,0.013,0.040,0.031
0.050,0.339,0.013,0.031,0.004,0.039,0.049,0.009,0.004,0.013,0.045,0.171,0.009,0.026,0.026,0.087,0.040,0.004,0.004,0.017,0.017
0.049,0.004,0.082,0.035,0.009,0.004,0.004,0.013,0.027,0.063,0.170,0.009,0.024,0.023,0.305,0.017,0.014,0.004,0.066,0.058,0.017
0.022,0.074,0.004,0.004,0.004,0.004,0.004,0.009,0.004,0.300,0.314,0.013,0.017,0.013,0.004,0.004,0.039,0.004,0.004,0.129,0.026
0.017,0.004,0.007,0.004,0.004,0.004,0.004,0.004,0.004,0.004,0.013,0.004,0.004,0.009,0.856,0.007,0.004,0.004,0.004,0.009,0.026
0.025,0.065,0.004,0.017,0.004,0.043,0.021,0.013,0.015,0.010,0.015,0.149,0.011,0.009,0.458,0.012,0.060,0.009,0.007,0.018,0.035
0.132,0.022,0.009,0.004,0.118,0.022,0.004,0.028,0.092,0.060,0.009,0.013,0.023,0.122,0.102,0.009,0.005,0.004,0.161,0.032,0.031
0.009,0.013,0.563,0.190,0.004,0.016,0.017,0.004,0.058,0.004,0.004,0.013,0.004,0.004,0.004,0.015,0.004,0.004,0.015,0.022,0.031
0.109,0.083,0.009,0.015,0.004,0.035,0.054,0.005,0.009,0.031,0.210,0.066,0.060,0.021,0.074,0.020,0.047,0.009,0.015,0.069,0.055
0.073,0.004,0.107,0.300,0.004,0.041,0.181,0.022,0.013,0.017,0.013,0.035,0.004,0.013,0.006,0.088,0.036,0.004,0.004,0.007,0.026
0.742,0.004,0.009,0.004,0.004,0.004,0.009,0.024,0.004,0.004,0.004,0.005,0.004,0.004,0.004,0.031,0.093,0.004,0.004,0.012,0.022
0.069,0.017,0.024,0.073,0.004,0.028,0.141,0.011,0.009,0.010,0.031,0.106,0.004,0.004,0.008,0.063,0.336,0.005,0.004,0.028,0.022
0.020,0.031,0.082,0.087,0.013,0.013,0.089,0.004,0.060,0.031,0.039,0.112,0.004,0.009,0.009,0.163,0.160,0.004,0.012,0.035,0.022
0.077,0.013,0.004,0.004,0.004,0.004,0.009,0.004,0.004,0.082,0.071,0.011,0.004,0.004,0.438,0.023,0.004,0.004,0.004,0.207,0.022
0.105,0.046,0.024,0.104,0.013,0.093,0.249,0.033,0.019,0.015,0.020,0.073,0.009,0.013,0.007,0.112,0.017,0.004,0.009,0.014,0.022
0.009,0.019,0.045,0.397,0.004,0.065,0.275,0.037,0.014,0.004,0.013,0.054,0.007,0.004,0.004,0.004,0.019,0.004,0.004,0.004,0.013
0.157,0.008,0.004,0.013,0.004,0.004,0.004,0.004,0.004,0.181,0.046,0.004,0.004,0.004,0.009,0.009,0.004,0.004,0.005,0.512,0.013
0.004,0.009,0.004,0.004,0.004,0.004,0.004,0.004,0.004,0.013,0.004,0.004,0.004,0.062,0.004,0.004,0.009,0.009,0.829,0.009,0.004
0.033,0.065,0.069,0.095,0.007,0.013,0.009,0.009,0.013,0.018,0.065,0.069,0.004,0.009,0.330,0.073,0.070,0.004,0.004,0.030,0.010
0.046,0.020,0.004,0.004,0.004,0.004,0.004,0.004,0.009,0.182,0.395,0.004,0.022,0.088,0.070,0.011,0.009,0.013,0.008,0.087,0.010
0.016,0.018,0.066,0.220,0.004,0.023,0.287,0.018,0.071,0.004,0.013,0.045,0.004,0.004,0.004,0.132,0.020,0.004,0.021,0.009,0.015
0.035,0.013,0.113,0.232,0.004,0.060,0.076,0.059,0.013,0.015,0.047,0.096,0.009,0.009,0.004,0.107,0.049,0.004,0.006,0.029,0.019
0.009,0.006,0.004,0.004,0.009,0.004,0.004,0.004,0.004,0.418,0.308,0.004,0.041,0.065,0.004,0.009,0.009,0.004,0.009,0.068,0.010
0.022,0.004,0.004,0.009,0.004,0.004,0.004,0.004,0.004,0.490,0.118,0.004,0.025,0.046,0.022,0.004,0.004,0.004,0.004,0.201,0.015
0.009,0.006,0.016,0.034,0.009,0.004,0.030,0.149,0.009,0.004,0.054,0.009,0.009,0.028,0.318,0.179,0.100,0.004,0.004,0.009,0.015
0.083,0.026,0.037,0.086,0.004,0.030,0.147,0.031,0.015,0.006,0.026,0.110,0.009,0.026,0.175,0.077,0.063,0.004,0.015,0.017,0.011
0.108,0.048,0.065,0.151,0.004,0.026,0.193,0.070,0.018,0.006,0.018,0.042,0.015,0.004,0.046,0.083,0.038,0.009,0.004,0.032,0.019
0.024,0.009,0.004,0.061,0.009,0.019,0.417,0.013,0.011,0.105,0.063,0.009,0.015,0.024,0.022,0.009,0.024,0.004,0.004,0.128,0.028
0.044,0.022,0.017,0.009,0.004,0.013,0.009,0.009,0.009,0.042,0.291,0.013,0.091,0.100,0.004,0.018,0.004,0.160,0.084,0.033,0.023
0.085,0.058,0.115,0.113,0.004,0.047,0.136,0.039,0.009,0.017,0.009,0.139,0.004,0.013,0.012,0.068,0.058,0.004,0.004,0.016,0.049
0.258,0.013,0.023,0.005,0.011,0.038,0.037,0.017,0.030,0.013,0.085,0.044,0.023,0.037,0.004,0.136,0.072,0.004,0.066,0.035,0.049
0.009,0.013,0.009,0.016,0.031,0.009,0.057,0.009,0.004,0.231,0.361,0.004,0.055,0.049,0.004,0.004,0.004,0.004,0.013,0.104,0.010
0.047,0.105,0.036,0.122,0.009,0.042,0.095,0.035,0.022,0.006,0.025,0.097,0.007,0.004,0.165,0.097,0.027,0.013,0.024,0.011,0.010
0.033,0.007,0.014,0.032,0.004,0.018,0.064,0.013,0.009,0.214,0.084,0.031,0.021,0.010,0.025,0.072,0.057,0.017,0.022,0.234,0.019
0.052,0.095,0.027,0.058,0.015,0.072,0.095,0.049,0.020,0.024,0.034,0.148,0.027,0.011,0.023,0.101,0.035,0.004,0.052,0.016,0.041
0.172,0.026,0.018,0.135,0.007,0.044,0.144,0.020,0.017,0.019,0.033,0.077,0.009,0.009,0.059,0.087,0.021,0.011,0.021,0.029,0.041
0.020,0.015,0.010,0.013,0.004,0.012,0.039,0.004,0.012,0.110,0.216,0.025,0.042,0.118,0.009,0.017,0.010,0.198,0.009,0.047,0.071
0.047,0.081,0.009,0.021,0.004,0.111,0.077,0.017,0.014,0.081,0.211,0.033,0.026,0.057,0.013,0.021,0.028,0.011,0.015,0.041,0.080
0.074,0.027,0.054,0.121,0.004,0.093,0.126,0.012,0.011,0.030,0.031,0.129,0.009,0.022,0.013,0.045,0.076,0.004,0.013,0.026,0.078
0.219,0.023,0.047,0.057,0.017,0.029,0.119,0.043,0.004,0.026,0.058,0.072,0.022,0.017,0.020,0.076,0.044,0.004,0.009,0.026,0.067
0.121,0.015,0.020,0.026,0.015,0.024,0.088,0.064,0.010,0.050,0.042,0.032,0.009,0.016,0.055,0.065,0.044,0.004,0.010,0.090,0.200
0.033,0.032,0.020,0.121,0.004,0.021,0.053,0.015,0.004,0.009,0.031,0.115,0.013,0.011,0.019,0.088,0.060,0.004,0.004,0.009,0.334
0.139,0.013,0.066,0.066,0.004,0.018,0.118,0.012,0.028,0.032,0.033,0.061,0.004,0.030,0.057,0.060,0.041,0.013,0.018,0.032,0.153
0.033,0.042,0.072,0.099,0.022,0.037,0.145,0.115,0.004,0.013,0.015,0.144,0.017,0.004,0.013,0.075,0.025,0.004,0.004,0.010,0.104
0.075,0.013,0.033,0.098,0.013,0.035,0.194,0.038,0.009,0.021,0.029,0.100,0.007,0.017,0.028,0.049,0.082,0.004,0.017,0.033,0.104
0.067,0.156,0.041,0.064,0.007,0.044,0.068,0.041,0.017,0.053,0.059,0.076,0.017,0.004,0.038,0.042,0.022,0.015,0.004,0.025,0.140
0.063,0.033,0.028,0.024,0.004,0.031,0.034,0.007,0.007,0.123,0.091,0.084,0.031,0.021,0.035,0.033,0.040,0.006,0.004,0.122,0.180
0.076,0.036,0.039,0.120,0.004,0.051,0.106,0.028,0.004,0.009,0.019,0.068,0.004,0.004,0.013,0.049,0.015,0.017,0.009,0.007,0.321
0.049,0.005,0.018,0.031,0.013,0.023,0.022,0.014,0.009,0.034,0.215,0.028,0.036,0.023,0.004,0.043,0.036,0.026,0.031,0.044,0.296
0.013,0.031,0.019,0.004,0.013,0.026,0.028,0.010,0.009,0.061,0.304,0.035,0.027,0.030,0.004,0.023,0.009,0.013,0.064,0.036,0.241
0.045,0.013,0.011,0.027,0.004,0.022,0.094,0.020,0.009,0.020,0.009,0.042,0.009,0.004,0.339,0.040,0.028,0.009,0.004,0.015,0.236
0.040,0.023,0.047,0.022,0.011,0.047,0.059,0.026,0.031,0.034,0.046,0.049,0.009,0.078,0.004,0.079,0.062,0.007,0.125,0.027,0.176
0.012,0.013,0.017,0.005,0.004,0.017,0.015,0.015,0.004,0.004,0.011,0.021,0.004,0.004,0.004,0.021,0.004,0.004,0.011,0.009,0.798
0.024,0.087,0.039,0.026,0.015,0.028,0.043,0.095,0.017,0.024,0.063,0.063,0.026,0.028,0.011,0.090,0.055,0.026,0.004,0.044,0.187
0.040,0.127,0.043,0.013,0.023,0.015,0.012,0.026,0.036,0.014,0.039,0.084,0.015,0.061,0.055,0.074,0.056,0.013,0.086,0.021,0.146
0.017,0.009,0.039,0.013,0.037,0.017,0.013,0.028,0.031,0.011,0.013,0.017,0.013,0.009,0.119,0.446,0.020,0.004,0.013,0.009,0.121
0.028,0.144,0.049,0.036,0.006,0.060,0.130,0.017,0.046,0.020,0.022,0.080,0.013,0.009,0.063,0.070,0.037,0.004,0.004,0.031,0.130
0.013,0.004,0.004,0.004,0.028,0.013,0.013,0.009,0.013,0.007,0.052,0.007,0.009,0.360,0.010,0.004,0.013,0.107,0.252,0.033,0.044
0.025,0.013,0.004,0.004,0.013,0.004,0.013,0.004,0.004,0.171,0.129,0.007,0.009,0.040,0.022,0.009,0.018,0.004,0.013,0.471,0.022
0.172,0.071,0.087,0.015,0.036,0.035,0.027,0.015,0.009,0.062,0.157,0.068,0.029,0.017,0.004,0.065,0.041,0.013,0.021,0.035,0.022
0.045,0.080,0.135,0.110,0.004,0.056,0.077,0.026,0.062,0.009,0.009,0.102,0.009,0.020,0.017,0.121,0.070,0.004,0.009,0.004,0.031
0.015,0.395,0.040,0.009,0.022,0.038,0.026,0.009,0.101,0.053,0.048,0.069,0.020,0.013,0.004,0.015,0.030,0.009,0.013,0.013,0.057
0.031,0.004,0.007,0.007,0.004,0.007,0.004,0.004,0.004,0.162,0.406,0.013,0.037,0.055,0.004,0.013,0.004,0.009,0.009,0.173,0.041
0.062,0.083,0.066,0.031,0.007,0.076,0.120,0.058,0.043,0.017,0.015,0.104,0.024,0.016,0.048,0.065,0.028,0.017,0.025,0.035,0.059
0.102,0.128,0.067,0.024,0.012,0.041,0.013,0.044,0.015,0.020,0.053,0.155,0.023,0.017,0.017,0.068,0.054,0.004,0.026,0.013,0.104
0.060,0.013,0.024,0.009,0.013,0.022,0.013,0.010,0.013,0.151,0.334,0.013,0.035,0.033,0.004,0.013,0.013,0.011,0.017,0.120,0.079
0.057,0.031,0.047,0.119,0.009,0.041,0.055,0.047,0.013,0.043,0.035,0.098,0.009,0.004,0.038,0.109,0.043,0.004,0.004,0.031,0.162
0.068,0.041,0.045,0.151,0.009,0.019,0.051,0.026,0.004,0.011,0.031,0.035,0.004,0.004,0.025,0.129,0.072,0.004,0.004,0.025,0.241
0.056,0.025,0.036,0.054,0.004,0.027,0.139,0.031,0.017,0.018,0.023,0.186,0.007,0.013,0.086,0.123,0.048,0.004,0.004,0.018,0.080
0.091,0.050,0.066,0.098,0.007,0.046,0.102,0.045,0.011,0.014,0.038,0.123,0.018,0.007,0.037,0.080,0.058,0.007,0.015,0.030,0.058
0.074,0.150,0.089,0.143,0.009,0.052,0.083,0.040,0.026,0.017,0.020,0.048,0.005,0.004,0.031,0.108,0.029,0.004,0.020,0.026,0.022
0.039,0.089,0.009,0.039,0.009,0.032,0.053,0.009,0.013,0.068,0.095,0.223,0.039,0.021,0.017,0.025,0.093,0.009,0.009,0.094,0.017
0.020,0.096,0.025,0.030,0.009,0.072,0.188,0.009,0.052,0.032,0.080,0.175,0.009,0.010,0.024,0.037,0.077,0.011,0.017,0.011,0.017
0.017,0.226,0.052,0.017,0.004,0.070,0.031,0.004,0.056,0.032,0.048,0.253,0.046,0.004,0.009,0.018,0.068,0.004,0.004,0.013,0.022
0.196,0.013,0.004,0.004,0.037,0.009,0.004,0.014,0.004,0.091,0.335,0.009,0.044,0.017,0.004,0.058,0.023,0.009,0.004,0.098,0.022
0.040,0.258,0.009,0.004,0.078,0.119,0.009,0.025,0.007,0.013,0.031,0.282,0.004,0.004,0.009,0.025,0.021,0.013,0.009,0.019,0.022
0.086,0.004,0.009,0.004,0.076,0.017,0.009,0.010,0.009,0.214,0.278,0.004,0.060,0.025,0.007,0.018,0.024,0.009,0.041,0.079,0.017
0.062,0.004,0.004,0.004,0.033,0.004,0.004,0.013,0.009,0.067,0.610,0.004,0.031,0.038,0.011,0.009,0.013,0.004,0.009,0.043,0.022
0.049,0.137,0.004,0.026,0.013,0.013,0.017,0.004,0.004,0.064,0.148,0.044,0.046,0.055,0.004,0.069,0.038,0.031,0.122,0.093,0.017
0.022,0.004,0.004,0.004,0.013,0.004,0.009,0.004,0.026,0.009,0.044,0.013,0.004,0.122,0.004,0.009,0.007,0.004,0.661,0.017,0.013
0.081,0.004,0.004,0.004,0.022,0.004,0.004,0.004,0.004,0.248,0.359,0.004,0.099,0.010,0.004,0.007,0.013,0.009,0.028,0.072,0.013
0.059,0.022,0.065,0.123,0.015,0.027,0.034,0.028,0.039,0.012,0.062,0.013,0.021,0.010,0.004,0.274,0.062,0.017,0.065,0.027,0.017
0.112,0.004,0.007,0.004,0.044,0.009,0.013,0.026,0.105,0.054,0.173,0.039,0.034,0.055,0.009,0.037,0.037,0.012,0.161,0.035,0.031
0.012,0.004,0.004,0.004,0.011,0.004,0.004,0.004,0.004,0.037,0.645,0.009,0.135,0.009,0.004,0.012,0.009,0.004,0.006,0.054,0.022
0.010,0.004,0.007,0.004,0.017,0.026,0.004,0.004,0.013,0.277,0.263,0.009,0.094,0.112,0.004,0.018,0.013,0.009,0.009,0.077,0.024
0.126,0.072,0.052,0.043,0.015,0.075,0.083,0.068,0.011,0.018,0.047,0.167,0.011,0.020,0.004,0.062,0.049,0.004,0.013,0.036,0.024
0.013,0.006,0.004,0.004,0.020,0.004,0.009,0.007,0.004,0.033,0.234,0.016,0.026,0.446,0.004,0.011,0.013,0.027,0.029,0.070,0.020
0.032,0.126,0.023,0.004,0.005,0.017,0.004,0.007,0.108,0.028,0.118,0.078,0.011,0.061,0.004,0.061,0.017,0.028,0.211,0.013,0.041
0.070,0.114,0.103,0.070,0.015,0.080,0.040,0.040,0.053,0.017,0.047,0.092,0.009,0.023,0.004,0.071,0.049,0.013,0.019,0.036,0.035
0.106,0.055,0.093,0.009,0.013,0.048,0.004,0.015,0.020,0.061,0.174,0.045,0.049,0.035,0.013,0.070,0.069,0.004,0.031,0.041,0.044
0.079,0.158,0.022,0.015,0.017,0.031,0.007,0.031,0.010,0.022,0.092,0.124,0.020,0.009,0.063,0.056,0.055,0.009,0.013,0.037,0.131
0.037,0.085,0.045,0.017,0.004,0.021,0.013,0.054,0.024,0.033,0.043,0.075,0.014,0.048,0.064,0.095,0.028,0.013,0.037,0.047,0.201
0.022,0.056,0.024,0.009,0.004,0.022,0.013,0.024,0.013,0.051,0.126,0.070,0.004,0.009,0.020,0.041,0.024,0.004,0.015,0.160,0.290
0.032,0.047,0.039,0.057,0.009,0.026,0.048,0.032,0.051,0.015,0.033,0.094,0.017,0.018,0.157,0.080,0.026,0.004,0.004,0.026,0.182
0.042,0.064,0.054,0.075,0.004,0.038,0.020,0.034,0.014,0.052,0.073,0.123,0.017,0.013,0.083,0.102,0.053,0.009,0.013,0.033,0.083
0.029,0.297,0.019,0.018,0.009,0.027,0.024,0.031,0.009,0.004,0.036,0.273,0.047,0.010,0.028,0.015,0.017,0.009,0.009,0.017,0.070
0.041,0.033,0.047,0.193,0.004,0.044,0.138,0.034,0.015,0.011,0.017,0.076,0.013,0.020,0.020,0.064,0.028,0.004,0.006,0.025,0.167
0.093,0.029,0.029,0.050,0.004,0.035,0.078,0.050,0.007,0.054,0.025,0.241,0.011,0.015,0.015,0.034,0.036,0.004,0.004,0.050,0.136
0.027,0.013,0.017,0.015,0.007,0.004,0.015,0.019,0.015,0.063,0.396,0.008,0.032,0.050,0.013,0.010,0.015,0.004,0.008,0.066,0.201
0.083,0.098,0.026,0.016,0.004,0.076,0.044,0.021,0.029,0.046,0.042,0.137,0.039,0.009,0.017,0.087,0.033,0.005,0.015,0.026,0.147
0.034,0.048,0.033,0.065,0.004,0.054,0.193,0.035,0.019,0.004,0.033,0.152,0.004,0.013,0.013,0.067,0.048,0.004,0.017,0.024,0.134
0.068,0.105,0.033,0.030,0.004,0.017,0.091,0.019,0.009,0.032,0.059,0.207,0.013,0.008,0.070,0.076,0.040,0.004,0.004,0.019,0.093
0.017,0.005,0.020,0.011,0.017,0.010,0.009,0.013,0.013,0.029,0.435,0.013,0.088,0.081,0.031,0.025,0.031,0.020,0.019,0.042,0.071
0.060,0.022,0.047,0.049,0.005,0.035,0.103,0.085,0.052,0.033,0.015,0.050,0.008,0.004,0.090,0.119,0.032,0.004,0.004,0.017,0.164
0.031,0.056,0.111,0.111,0.043,0.029,0.033,0.111,0.022,0.020,0.020,0.102,0.014,0.013,0.074,0.063,0.031,0.026,0.017,0.023,0.052
0.063,0.009,0.009,0.017,0.050,0.024,0.004,0.022,0.009,0.184,0.104,0.004,0.022,0.047,0.127,0.023,0.042,0.044,0.011,0.129,0.057
0.024,0.017,0.029,0.039,0.004,0.015,0.013,0.022,0.009,0.004,0.009,0.009,0.009,0.004,0.559,0.142,0.039,0.004,0.004,0.004,0.039
0.074,0.022,0.041,0.087,0.004,0.051,0.240,0.035,0.038,0.009,0.029,0.029,0.008,0.013,0.092,0.067,0.026,0.004,0.021,0.018,0.090
0.103,0.022,0.017,0.050,0.007,0.039,0.048,0.031,0.009,0.165,0.060,0.039,0.029,0.020,0.062,0.073,0.053,0.009,0.010,0.130,0.026
0.013,0.004,0.004,0.004,0.009,0.004,0.006,0.016,0.004,0.224,0.224,0.013,0.017,0.045,0.009,0.009,0.017,0.004,0.004,0.345,0.022
0.052,0.045,0.051,0.017,0.009,0.044,0.026,0.031,0.023,0.153,0.145,0.052,0.022,0.024,0.004,0.027,0.025,0.004,0.042,0.179,0.022
0.035,0.066,0.063,0.230,0.004,0.088,0.148,0.031,0.024,0.013,0.011,0.079,0.004,0.017,0.009,0.077,0.031,0.007,0.010,0.028,0.022
0.058,0.043,0.052,0.031,0.017,0.028,0.013,0.175,0.097,0.024,0.013,0.180,0.004,0.017,0.022,0.117,0.013,0.004,0.057,0.009,0.022
0.009,0.004,0.004,0.004,0.033,0.004,0.004,0.004,0.004,0.239,0.331,0.004,0.053,0.122,0.004,0.004,0.004,0.004,0.004,0.133,0.022
0.020,0.158,0.010,0.004,0.009,0.016,0.005,0.004,0.005,0.081,0.384,0.053,0.040,0.043,0.004,0.014,0.019,0.004,0.031,0.071,0.022
0.061,0.149,0.060,0.135,0.004,0.025,0.134,0.042,0.018,0.004,0.017,0.102,0.004,0.005,0.013,0.118,0.061,0.004,0.013,0.006,0.022
0.022,0.256,0.079,0.025,0.004,0.028,0.038,0.004,0.035,0.020,0.068,0.178,0.047,0.009,0.004,0.028,0.102,0.004,0.004,0.020,0.022
0.004,0.004,0.004,0.004,0.004,0.004,0.004,0.004,0.004,0.021,0.004,0.004,0.004,0.793,0.004,0.004,0.004,0.004,0.089,0.005,0.022
0.129,0.004,0.004,0.010,0.020,0.009,0.005,0.028,0.004,0.023,0.052,0.026,0.018,0.036,0.006,0.157,0.385,0.004,0.031,0.026,0.022
0.030,0.013,0.043,0.146,0.011,0.059,0.235,0.015,0.004,0.057,0.042,0.009,0.013,0.009,0.048,0.038,0.052,0.004,0.004,0.112,0.057
0.094,0.023,0.039,0.046,0.009,0.036,0.099,0.055,0.009,0.027,0.058,0.055,0.022,0.013,0.055,0.125,0.085,0.009,0.026,0.048,0.070
0.062,0.048,0.056,0.036,0.009,0.033,0.059,0.053,0.011,0.044,0.026,0.051,0.009,0.009,0.013,0.140,0.115,0.004,0.004,0.076,0.142
0.072,0.147,0.042,0.031,0.004,0.027,0.038,0.074,0.022,0.013,0.018,0.055,0.007,0.041,0.029,0.092,0.038,0.009,0.024,0.043,0.175
0.026,0.009,0.083,0.049,0.004,0.014,0.015,0.186,0.019,0.020,0.009,0.022,0.009,0.013,0.009,0.060,0.036,0.004,0.004,0.011,0.398
0.015,0.028,0.052,0.024,0.007,0.065,0.054,0.067,0.004,0.005,0.009,0.024,0.004,0.009,0.013,0.094,0.018,0.004,0.004,0.013,0.486
0.012,0.035,0.026,0.026,0.004,0.017,0.044,0.095,0.009,0.010,0.031,0.035,0.015,0.065,0.004,0.035,0.035,0.006,0.007,0.009,0.481
0.017,0.028,0.022,0.014,0.004,0.009,0.027,0.221,0.009,0.004,0.017,0.033,0.004,0.009,0.039,0.024,0.031,0.004,0.004,0.017,0.461
0.026,0.106,0.017,0.004,0.010,0.009,0.009,0.055,0.011,0.009,0.009,0.072,0.013,0.004,0.004,0.033,0.009,0.004,0.015,0.004,0.575
0.015,0.013,0.012,0.017,0.009,0.013,0.017,0.021,0.004,0.009,0.029,0.013,0.005,0.009,0.009,0.058,0.017,0.004,0.009,0.013,0.703
0.019,0.078,0.024,0.013,0.004,0.009,0.017,0.020,0.010,0.013,0.013,0.079,0.007,0.004,0.004,0.015,0.020,0.004,0.009,0.009,0.630
0.010,0.037,0.034,0.068,0.009,0.013,0.015,0.017,0.007,0.004,0.009,0.055,0.009,0.004,0.054,0.046,0.059,0.004,0.009,0.020,0.518
0.051,0.062,0.030,0.020,0.004,0.024,0.025,0.013,0.017,0.023,0.020,0.084,0.010,0.013,0.030,0.041,0.069,0.004,0.017,0.047,0.395
0.028,0.073,0.041,0.011,0.004,0.057,0.025,0.017,0.013,0.015,0.015,0.123,0.004,0.014,0.015,0.122,0.042,0.004,0.017,0.021,0.338
