M *
S 0.000 0.000 0.000 0.479 0.000 0.000 0.000 0.000 0.000 0.000 0.000 0.000 0.000 0.000 0.000 0.521 0.000 0.000 0.000 0.000 
V *
K 0.000 0.000 0.000 0.112 0.000 0.000 0.000 0.000 0.724 0.000 0.000 0.000 0.000 0.000 0.000 0.000 0.164 0.000 0.000 0.000 
R 0.085 0.000 0.000 0.000 0.000 0.000 0.000 0.000 0.000 0.000 0.000 0.066 0.000 0.000 0.767 0.000 0.000 0.082 0.000 0.000 
S 0.052 0.000 0.000 0.124 0.000 0.000 0.000 0.058 0.294 0.062 0.000 0.000 0.000 0.058 0.065 0.114 0.061 0.054 0.000 0.058 
V 0.090 0.000 0.026 0.072 0.000 0.096 0.000 0.035 0.055 0.038 0.037 0.029 0.056 0.055 0.091 0.067 0.033 0.161 0.000 0.059 
S 0.083 0.000 0.027 0.000 0.000 0.153 0.000 0.032 0.084 0.058 0.000 0.000 0.118 0.030 0.000 0.100 0.205 0.111 0.000 0.000 
E 0.030 0.000 0.099 0.074 0.024 0.025 0.059 0.000 0.207 0.000 0.000 0.037 0.099 0.045 0.018 0.150 0.100 0.033 0.000 0.000 
I 0.023 0.000 0.000 0.022 0.032 0.000 0.000 0.232 0.000 0.191 0.021 0.000 0.000 0.000 0.048 0.028 0.000 0.404 0.000 0.000 
E 0.080 0.000 0.051 0.121 0.000 0.000 0.029 0.000 0.290 0.000 0.000 0.000 0.025 0.018 0.178 0.062 0.126 0.000 0.022 0.000 
I 0.061 0.000 0.000 0.000 0.056 0.000 0.000 0.197 0.000 0.191 0.070 0.000 0.000 0.000 0.000 0.000 0.000 0.424 0.000 0.000 
E 0.079 0.000 0.025 0.168 0.000 0.000 0.000 0.000 0.125 0.000 0.000 0.054 0.156 0.038 0.024 0.230 0.059 0.041 0.000 0.000 
S 0.106 0.000 0.057 0.033 0.024 0.031 0.047 0.021 0.162 0.018 0.043 0.026 0.051 0.000 0.023 0.122 0.033 0.152 0.000 0.051 
V 0.170 0.000 0.029 0.051 0.000 0.022 0.024 0.058 0.054 0.182 0.000 0.022 0.026 0.029 0.020 0.025 0.020 0.239 0.000 0.028 
Q 0.041 0.020 0.061 0.212 0.000 0.000 0.000 0.037 0.052 0.056 0.000 0.020 0.053 0.126 0.013 0.128 0.082 0.097 0.000 0.000 
D 0.076 0.000 0.168 0.185 0.000 0.059 0.017 0.000 0.037 0.000 0.000 0.080 0.037 0.032 0.042 0.207 0.060 0.000 0.000 0.000 
Q 0.048 0.000 0.208 0.070 0.000 0.075 0.000 0.000 0.120 0.046 0.000 0.071 0.032 0.036 0.018 0.177 0.070 0.029 0.000 0.000 
P 0.088 0.021 0.099 0.096 0.020 0.103 0.000 0.000 0.098 0.000 0.020 0.016 0.080 0.019 0.042 0.186 0.071 0.022 0.000 0.020 
S 0.097 0.050 0.046 0.041 0.009 0.040 0.011 0.092 0.000 0.129 0.000 0.055 0.066 0.029 0.042 0.087 0.088 0.085 0.008 0.027 
V 0.142 0.009 0.009 0.009 0.000 0.246 0.023 0.028 0.095 0.043 0.000 0.025 0.110 0.031 0.061 0.049 0.049 0.042 0.000 0.029 
A 0.137 0.012 0.046 0.000 0.012 0.033 0.000 0.021 0.000 0.009 0.000 0.015 0.665 0.000 0.000 0.013 0.000 0.024 0.000 0.012 
V 0.076 0.037 0.000 0.000 0.097 0.000 0.011 0.209 0.000 0.100 0.000 0.000 0.012 0.000 0.010 0.021 0.000 0.321 0.009 0.097 
G 0.078 0.012 0.000 0.000 0.039 0.009 0.000 0.176 0.000 0.376 0.012 0.000 0.000 0.000 0.015 0.000 0.021 0.261 0.000 0.000 
S 0.395 0.025 0.009 0.012 0.000 0.090 0.000 0.036 0.012 0.032 0.000 0.000 0.000 0.000 0.000 0.057 0.039 0.272 0.000 0.021 
F 0.040 0.026 0.032 0.023 0.089 0.000 0.033 0.015 0.044 0.000 0.022 0.096 0.012 0.015 0.033 0.219 0.127 0.054 0.000 0.119 
F 0.048 0.013 0.000 0.000 0.557 0.000 0.000 0.051 0.015 0.081 0.022 0.000 0.011 0.012 0.000 0.086 0.094 0.011 0.000 0.000 
K 0.052 0.000 0.015 0.036 0.000 0.049 0.033 0.000 0.020 0.000 0.000 0.073 0.447 0.094 0.018 0.097 0.056 0.009 0.000 0.000 
G 0.096 0.011 0.043 0.009 0.000 0.435 0.052 0.000 0.033 0.000 0.000 0.086 0.000 0.015 0.015 0.183 0.023 0.000 0.000 0.000 
F 0.022 0.022 0.000 0.010 0.079 0.235 0.008 0.092 0.020 0.152 0.012 0.027 0.000 0.012 0.034 0.082 0.055 0.118 0.000 0.022 
R 0.036 0.011 0.026 0.058 0.031 0.000 0.019 0.013 0.066 0.141 0.012 0.061 0.018 0.104 0.124 0.093 0.054 0.063 0.000 0.070 
A 0.075 0.008 0.094 0.000 0.027 0.012 0.000 0.089 0.042 0.141 0.017 0.043 0.324 0.010 0.011 0.000 0.000 0.100 0.000 0.008 
P 0.065 0.000 0.078 0.000 0.000 0.000 0.011 0.000 0.056 0.015 0.013 0.024 0.536 0.012 0.000 0.156 0.013 0.012 0.000 0.011 
S 0.061 0.000 0.106 0.176 0.000 0.114 0.000 0.000 0.126 0.012 0.014 0.043 0.065 0.041 0.059 0.095 0.048 0.040 0.000 0.000 
D 0.080 0.000 0.178 0.082 0.000 0.073 0.008 0.000 0.099 0.010 0.000 0.092 0.009 0.034 0.043 0.231 0.051 0.011 0.000 0.000 
T 0.099 0.020 0.022 0.011 0.017 0.000 0.020 0.097 0.043 0.227 0.029 0.000 0.030 0.011 0.025 0.071 0.188 0.078 0.010 0.000 
T 0.057 0.000 0.054 0.122 0.000 0.021 0.033 0.047 0.145 0.009 0.000 0.040 0.078 0.055 0.099 0.111 0.111 0.019 0.000 0.000 
F 0.000 0.012 0.000 0.000 0.676 0.000 0.012 0.046 0.000 0.087 0.018 0.000 0.011 0.000 0.000 0.000 0.000 0.073 0.033 0.032 
D 0.019 0.000 0.083 0.089 0.010 0.051 0.051 0.013 0.097 0.012 0.000 0.063 0.000 0.142 0.094 0.161 0.115 0.000 0.000 0.000 
L 0.099 0.024 0.000 0.035 0.020 0.011 0.019 0.027 0.000 0.222 0.060 0.000 0.091 0.032 0.025 0.054 0.038 0.224 0.000 0.019 
Y 0.000 0.013 0.010 0.009 0.141 0.000 0.079 0.000 0.011 0.033 0.000 0.000 0.000 0.000 0.009 0.008 0.023 0.029 0.016 0.620 
K 0.070 0.010 0.009 0.096 0.010 0.040 0.016 0.059 0.171 0.007 0.000 0.022 0.000 0.074 0.144 0.143 0.109 0.009 0.000 0.010 
K 0.051 0.010 0.081 0.040 0.000 0.050 0.089 0.000 0.133 0.021 0.000 0.122 0.036 0.044 0.148 0.103 0.053 0.022 0.000 0.000 
K 0.104 0.000 0.083 0.093 0.011 0.010 0.025 0.021 0.174 0.014 0.000 0.069 0.081 0.079 0.059 0.050 0.101 0.028 0.000 0.000 
K 0.113 0.000 0.116 0.029 0.000 0.087 0.019 0.012 0.169 0.061 0.000 0.045 0.021 0.061 0.105 0.087 0.037 0.027 0.000 0.008 
S 0.051 0.000 0.058 0.089 0.013 0.029 0.012 0.000 0.175 0.030 0.014 0.067 0.118 0.052 0.090 0.148 0.031 0.023 0.000 0.000 
E 0.083 0.000 0.054 0.071 0.012 0.055 0.036 0.014 0.141 0.022 0.000 0.048 0.079 0.013 0.114 0.141 0.067 0.050 0.000 0.000 
K 0.047 0.000 0.088 0.072 0.000 0.092 0.016 0.010 0.182 0.013 0.000 0.103 0.040 0.000 0.099 0.185 0.039 0.013 0.000 0.000 
D 0.055 0.013 0.050 0.059 0.014 0.056 0.021 0.012 0.086 0.000 0.000 0.073 0.054 0.157 0.132 0.138 0.044 0.012 0.000 0.023 
E 0.052 0.000 0.061 0.185 0.000 0.000 0.082 0.012 0.130 0.011 0.000 0.042 0.029 0.114 0.194 0.044 0.024 0.011 0.000 0.010 
F 0.041 0.010 0.000 0.010 0.036 0.010 0.027 0.058 0.079 0.217 0.010 0.011 0.000 0.049 0.144 0.047 0.070 0.067 0.000 0.112 
V 0.010 0.000 0.000 0.019 0.026 0.010 0.008 0.139 0.021 0.243 0.046 0.009 0.000 0.029 0.010 0.044 0.072 0.266 0.000 0.048 
L 0.046 0.000 0.000 0.000 0.016 0.000 0.000 0.160 0.000 0.494 0.000 0.000 0.000 0.000 0.000 0.023 0.007 0.245 0.008 0.000 
H 0.175 0.000 0.013 0.026 0.018 0.032 0.134 0.017 0.058 0.029 0.020 0.033 0.000 0.057 0.034 0.066 0.058 0.202 0.000 0.030 
G 0.232 0.000 0.013 0.012 0.000 0.333 0.000 0.022 0.010 0.018 0.000 0.000 0.055 0.000 0.010 0.215 0.046 0.034 0.000 0.000 
E 0.064 0.000 0.107 0.288 0.000 0.020 0.020 0.000 0.069 0.010 0.010 0.070 0.024 0.063 0.083 0.111 0.051 0.010 0.000 0.000 
N 0.093 0.036 0.083 0.032 0.012 0.038 0.075 0.000 0.029 0.021 0.000 0.101 0.000 0.017 0.034 0.123 0.273 0.032 0.000 0.000 
E 0.033 0.000 0.229 0.188 0.000 0.201 0.000 0.000 0.023 0.000 0.000 0.037 0.144 0.010 0.007 0.080 0.027 0.022 0.000 0.000 
R 0.038 0.009 0.093 0.037 0.000 0.046 0.052 0.016 0.150 0.018 0.010 0.112 0.000 0.051 0.186 0.054 0.077 0.051 0.000 0.000 
L 0.018 0.000 0.000 0.000 0.017 0.000 0.008 0.235 0.000 0.156 0.213 0.000 0.000 0.027 0.009 0.000 0.011 0.297 0.000 0.009 
E 0.016 0.028 0.242 0.228 0.007 0.008 0.015 0.008 0.041 0.041 0.000 0.026 0.000 0.044 0.030 0.080 0.080 0.106 0.000 0.000 
Y 0.011 0.000 0.000 0.012 0.351 0.000 0.012 0.000 0.000 0.036 0.000 0.000 0.000 0.000 0.010 0.000 0.000 0.000 0.009 0.560 
E 0.000 0.000 0.043 0.091 0.036 0.000 0.009 0.100 0.045 0.082 0.000 0.023 0.000 0.022 0.025 0.041 0.178 0.260 0.000 0.043 
G 0.187 0.000 0.000 0.000 0.000 0.607 0.000 0.000 0.000 0.018 0.000 0.018 0.000 0.000 0.000 0.164 0.007 0.000 0.000 0.000 
Y 0.023 0.000 0.046 0.062 0.000 0.012 0.020 0.015 0.111 0.015 0.010 0.037 0.010 0.067 0.138 0.183 0.173 0.051 0.000 0.024 
T 0.008 0.009 0.000 0.221 0.000 0.016 0.000 0.010 0.007 0.031 0.009 0.376 0.079 0.027 0.009 0.107 0.062 0.028 0.000 0.000 
D 0.042 0.000 0.051 0.136 0.129 0.017 0.040 0.000 0.028 0.034 0.020 0.051 0.032 0.046 0.059 0.092 0.031 0.058 0.026 0.109 
S 0.074 0.012 0.086 0.068 0.011 0.236 0.028 0.014 0.000 0.022 0.013 0.049 0.063 0.030 0.054 0.224 0.017 0.000 0.000 0.000 
S 0.085 0.000 0.115 0.188 0.013 0.159 0.022 0.021 0.000 0.000 0.000 0.060 0.058 0.046 0.041 0.079 0.082 0.031 0.000 0.000 
S 0.179 0.022 0.062 0.098 0.010 0.053 0.009 0.025 0.028 0.028 0.009 0.035 0.055 0.000 0.088 0.191 0.056 0.040 0.000 0.012 
Q 0.079 0.010 0.079 0.115 0.011 0.160 0.000 0.009 0.035 0.034 0.011 0.143 0.032 0.065 0.010 0.121 0.037 0.025 0.025 0.000 
A 0.119 0.017 0.101 0.075 0.000 0.057 0.020 0.000 0.070 0.062 0.010 0.020 0.055 0.132 0.045 0.108 0.042 0.016 0.000 0.052 
S 0.054 0.000 0.063 0.015 0.048 0.163 0.037 0.019 0.010 0.143 0.050 0.090 0.081 0.036 0.000 0.111 0.018 0.000 0.009 0.052 
N 0.045 0.255 0.000 0.018 0.045 0.070 0.007 0.000 0.010 0.096 0.008 0.042 0.017 0.015 0.038 0.118 0.068 0.056 0.009 0.085 
Q 0.000 0.010 0.084 0.080 0.000 0.000 0.008 0.010 0.214 0.000 0.008 0.103 0.000 0.132 0.190 0.120 0.034 0.000 0.008 0.000 
Y 0.000 0.000 0.013 0.017 0.051 0.000 0.134 0.000 0.000 0.017 0.000 0.026 0.000 0.009 0.000 0.009 0.056 0.011 0.000 0.656 
V 0.180 0.032 0.000 0.000 0.101 0.000 0.016 0.023 0.000 0.186 0.079 0.000 0.000 0.000 0.000 0.000 0.017 0.152 0.007 0.206 
V 0.011 0.000 0.000 0.000 0.000 0.000 0.000 0.193 0.009 0.231 0.035 0.000 0.025 0.000 0.000 0.000 0.019 0.478 0.000 0.000 
G 0.276 0.009 0.000 0.000 0.000 0.620 0.000 0.000 0.000 0.030 0.009 0.000 0.011 0.000 0.000 0.000 0.000 0.045 0.000 0.000 
L 0.011 0.000 0.000 0.016 0.000 0.000 0.000 0.272 0.011 0.109 0.011 0.000 0.000 0.000 0.009 0.010 0.000 0.542 0.000 0.009 
F 0.007 0.009 0.000 0.026 0.187 0.000 0.069 0.045 0.014 0.114 0.011 0.000 0.000 0.000 0.102 0.000 0.000 0.139 0.000 0.276 
N 0.000 0.000 0.565 0.000 0.000 0.000 0.000 0.011 0.028 0.012 0.000 0.294 0.000 0.000 0.017 0.057 0.009 0.008 0.000 0.000 
P 0.056 0.011 0.000 0.029 0.000 0.007 0.000 0.000 0.452 0.000 0.000 0.011 0.255 0.007 0.097 0.034 0.033 0.008 0.000 0.000 
E 0.118 0.000 0.058 0.184 0.000 0.030 0.038 0.009 0.156 0.008 0.000 0.043 0.007 0.009 0.103 0.136 0.048 0.055 0.000 0.000 
K 0.065 0.000 0.018 0.036 0.000 0.025 0.000 0.007 0.110 0.010 0.010 0.030 0.000 0.000 0.025 0.167 0.496 0.000 0.000 0.000 
K 0.009 0.000 0.022 0.000 0.000 0.391 0.008 0.000 0.144 0.010 0.010 0.183 0.000 0.072 0.070 0.072 0.009 0.000 0.000 0.000 
S 0.042 0.000 0.023 0.077 0.000 0.014 0.010 0.021 0.277 0.009 0.000 0.008 0.000 0.079 0.028 0.146 0.250 0.016 0.000 0.000 
I 0.039 0.000 0.000 0.000 0.016 0.000 0.000 0.109 0.016 0.287 0.152 0.000 0.013 0.000 0.000 0.000 0.039 0.317 0.013 0.000 
Q 0.000 0.000 0.064 0.146 0.000 0.000 0.018 0.000 0.145 0.008 0.007 0.016 0.000 0.162 0.144 0.040 0.200 0.049 0.000 0.000 
L 0.007 0.000 0.000 0.000 0.147 0.000 0.000 0.148 0.000 0.432 0.009 0.000 0.000 0.000 0.000 0.000 0.000 0.205 0.000 0.052 
Y 0.035 0.025 0.000 0.008 0.078 0.000 0.090 0.077 0.061 0.056 0.026 0.000 0.000 0.016 0.108 0.018 0.050 0.201 0.000 0.151 
K 0.066 0.000 0.120 0.153 0.000 0.000 0.000 0.009 0.049 0.008 0.000 0.046 0.391 0.026 0.046 0.070 0.000 0.016 0.000 0.000 
A 0.516 0.007 0.033 0.007 0.000 0.022 0.000 0.020 0.000 0.031 0.009 0.018 0.000 0.000 0.000 0.048 0.159 0.130 0.000 0.000 
P 0.029 0.000 0.080 0.082 0.000 0.031 0.029 0.000 0.168 0.009 0.000 0.018 0.280 0.055 0.145 0.023 0.042 0.000 0.000 0.010 
V 0.009 0.011 0.000 0.028 0.050 0.000 0.022 0.092 0.101 0.282 0.077 0.011 0.014 0.014 0.045 0.027 0.018 0.173 0.000 0.026 
L 0.025 0.028 0.000 0.000 0.280 0.000 0.036 0.106 0.000 0.186 0.077 0.000 0.008 0.000 0.000 0.010 0.014 0.119 0.016 0.095 
V 0.040 0.020 0.043 0.044 0.009 0.016 0.068 0.045 0.000 0.070 0.008 0.103 0.017 0.056 0.161 0.050 0.144 0.104 0.000 0.000 
S 0.035 0.000 0.007 0.000 0.117 0.009 0.009 0.048 0.000 0.314 0.209 0.011 0.000 0.010 0.000 0.025 0.017 0.179 0.010 0.000 
K 0.027 0.010 0.029 0.182 0.000 0.009 0.046 0.008 0.084 0.011 0.008 0.075 0.028 0.087 0.183 0.101 0.101 0.011 0.000 0.000 
V 0.089 0.008 0.000 0.011 0.000 0.034 0.025 0.008 0.021 0.013 0.017 0.019 0.334 0.078 0.161 0.104 0.034 0.045 0.000 0.000 
V 0.033 0.013 0.008 0.051 0.055 0.000 0.039 0.069 0.049 0.053 0.017 0.009 0.000 0.037 0.179 0.121 0.109 0.132 0.008 0.018 
S 0.032 0.000 0.020 0.013 0.049 0.000 0.011 0.186 0.009 0.177 0.009 0.000 0.033 0.000 0.008 0.052 0.022 0.371 0.000 0.009 
K 0.017 0.011 0.035 0.049 0.000 0.012 0.039 0.009 0.359 0.024 0.000 0.045 0.044 0.034 0.174 0.066 0.071 0.000 0.000 0.011 
S 0.170 0.000 0.101 0.089 0.000 0.167 0.000 0.009 0.080 0.010 0.009 0.011 0.008 0.050 0.081 0.135 0.028 0.044 0.009 0.000 
S 0.033 0.000 0.036 0.070 0.035 0.000 0.016 0.023 0.073 0.275 0.051 0.031 0.038 0.033 0.047 0.063 0.043 0.105 0.011 0.019 
K 0.085 0.000 0.101 0.129 0.000 0.018 0.000 0.033 0.167 0.052 0.000 0.066 0.009 0.059 0.118 0.079 0.035 0.050 0.000 0.000 
N 0.108 0.000 0.036 0.150 0.009 0.009 0.016 0.056 0.036 0.026 0.026 0.104 0.015 0.060 0.037 0.125 0.072 0.020 0.000 0.095 
L 0.110 0.009 0.047 0.141 0.007 0.079 0.012 0.015 0.069 0.162 0.016 0.009 0.015 0.031 0.043 0.104 0.057 0.066 0.000 0.009 
R 0.069 0.000 0.160 0.096 0.009 0.007 0.000 0.029 0.075 0.077 0.035 0.044 0.108 0.035 0.046 0.090 0.035 0.074 0.009 0.000 
G 0.076 0.000 0.114 0.126 0.000 0.037 0.008 0.019 0.069 0.053 0.011 0.042 0.097 0.000 0.071 0.156 0.076 0.045 0.000 0.000 
P 0.103 0.000 0.131 0.180 0.000 0.055 0.037 0.069 0.038 0.011 0.018 0.031 0.124 0.042 0.026 0.030 0.080 0.018 0.000 0.008 
K 0.088 0.012 0.093 0.161 0.000 0.010 0.014 0.010 0.135 0.043 0.025 0.045 0.095 0.069 0.049 0.042 0.056 0.035 0.000 0.018 
I 0.074 0.000 0.057 0.063 0.019 0.034 0.000 0.169 0.026 0.056 0.000 0.043 0.021 0.044 0.059 0.112 0.116 0.107 0.000 0.000 
K 0.103 0.000 0.093 0.147 0.016 0.024 0.014 0.026 0.179 0.021 0.000 0.054 0.064 0.052 0.032 0.063 0.077 0.019 0.000 0.014 
S 0.056 0.000 0.145 0.116 0.000 0.054 0.036 0.012 0.062 0.039 0.020 0.029 0.007 0.076 0.033 0.188 0.049 0.076 0.000 0.000 
K 0.193 0.000 0.068 0.052 0.000 0.064 0.013 0.097 0.092 0.032 0.069 0.015 0.028 0.087 0.062 0.012 0.077 0.038 0.000 0.000 
S 0.140 0.000 0.169 0.116 0.000 0.033 0.000 0.000 0.109 0.040 0.000 0.000 0.018 0.000 0.000 0.172 0.184 0.019 0.000 0.000 
D 0.112 0.000 0.100 0.088 0.000 0.056 0.000 0.023 0.105 0.014 0.014 0.025 0.073 0.046 0.064 0.114 0.115 0.018 0.016 0.018 
T 0.064 0.000 0.050 0.185 0.009 0.051 0.008 0.011 0.157 0.047 0.039 0.049 0.042 0.044 0.053 0.081 0.087 0.023 0.000 0.000 
R 0.042 0.000 0.082 0.114 0.000 0.000 0.007 0.000 0.103 0.032 0.000 0.060 0.000 0.049 0.044 0.311 0.112 0.043 0.000 0.000 
P 0.010 0.008 0.020 0.010 0.074 0.000 0.000 0.048 0.049 0.054 0.039 0.063 0.007 0.028 0.156 0.051 0.024 0.057 0.048 0.255 
S 0.118 0.000 0.000 0.017 0.021 0.007 0.013 0.031 0.085 0.123 0.063 0.000 0.010 0.056 0.129 0.033 0.106 0.066 0.038 0.086 
A 0.157 0.000 0.174 0.247 0.000 0.017 0.000 0.008 0.046 0.084 0.000 0.011 0.000 0.160 0.023 0.026 0.007 0.041 0.000 0.000 
L 0.252 0.000 0.051 0.026 0.000 0.010 0.000 0.009 0.216 0.031 0.036 0.016 0.000 0.172 0.083 0.064 0.024 0.000 0.000 0.010 
R 0.018 0.000 0.000 0.009 0.007 0.000 0.018 0.033 0.157 0.037 0.033 0.062 0.010 0.008 0.510 0.000 0.035 0.055 0.000 0.006 
N 0.112 0.000 0.111 0.049 0.000 0.000 0.017 0.014 0.082 0.037 0.019 0.229 0.000 0.059 0.114 0.034 0.064 0.050 0.000 0.009 
A 0.217 0.000 0.230 0.080 0.000 0.009 0.010 0.007 0.041 0.045 0.054 0.048 0.000 0.033 0.098 0.071 0.043 0.015 0.000 0.000 
L 0.000 0.017 0.000 0.000 0.000 0.000 0.000 0.009 0.000 0.943 0.000 0.000 0.000 0.000 0.000 0.000 0.010 0.021 0.000 0.000 
G 0.047 0.000 0.010 0.009 0.000 0.419 0.000 0.036 0.000 0.000 0.010 0.069 0.000 0.000 0.017 0.015 0.211 0.157 0.000 0.000 
E 0.091 0.000 0.056 0.306 0.000 0.020 0.017 0.000 0.078 0.077 0.027 0.085 0.000 0.097 0.058 0.047 0.025 0.010 0.000 0.006 
A 0.305 0.000 0.048 0.148 0.000 0.000 0.009 0.000 0.027 0.041 0.011 0.011 0.000 0.047 0.008 0.105 0.213 0.026 0.000 0.000 
F 0.000 0.000 0.000 0.000 0.925 0.000 0.000 0.000 0.000 0.021 0.011 0.000 0.000 0.000 0.000 0.000 0.000 0.000 0.000 0.042 
G 0.009 0.000 0.000 0.000 0.000 0.980 0.000 0.011 0.000 0.000 0.000 0.000 0.000 0.000 0.000 0.000 0.000 0.000 0.000 0.000 
T 0.009 0.000 0.000 0.000 0.000 0.044 0.000 0.000 0.011 0.000 0.000 0.061 0.000 0.000 0.000 0.459 0.416 0.000 0.000 0.000 
K 0.020 0.000 0.000 0.000 0.000 0.015 0.013 0.000 0.544 0.019 0.000 0.014 0.000 0.035 0.167 0.042 0.072 0.058 0.000 0.000 
K 0.022 0.000 0.000 0.008 0.000 0.000 0.000 0.026 0.693 0.000 0.000 0.009 0.011 0.000 0.182 0.000 0.025 0.014 0.010 0.000 
A 0.330 0.000 0.017 0.000 0.000 0.011 0.000 0.015 0.125 0.009 0.016 0.016 0.000 0.077 0.153 0.170 0.036 0.014 0.000 0.010 
K 0.000 0.000 0.000 0.000 0.011 0.000 0.000 0.037 0.543 0.031 0.000 0.013 0.000 0.141 0.215 0.000 0.000 0.009 0.000 0.000 
K 0.049 0.000 0.017 0.000 0.000 0.000 0.000 0.000 0.407 0.035 0.008 0.023 0.000 0.065 0.279 0.069 0.031 0.016 0.000 0.000 
A 0.377 0.000 0.009 0.030 0.020 0.000 0.000 0.059 0.102 0.034 0.036 0.000 0.000 0.181 0.031 0.021 0.026 0.036 0.000 0.039 
I 0.062 0.000 0.009 0.000 0.000 0.000 0.011 0.320 0.000 0.338 0.053 0.000 0.000 0.058 0.009 0.010 0.035 0.084 0.011 0.000 
A 0.064 0.000 0.076 0.156 0.007 0.000 0.019 0.018 0.179 0.029 0.007 0.077 0.000 0.093 0.173 0.045 0.034 0.023 0.000 0.000 
D 0.280 0.000 0.107 0.070 0.000 0.020 0.000 0.000 0.045 0.018 0.009 0.064 0.000 0.107 0.021 0.203 0.057 0.000 0.000 0.000 
L 0.145 0.000 0.033 0.055 0.016 0.000 0.021 0.043 0.072 0.082 0.040 0.044 0.000 0.076 0.277 0.026 0.016 0.013 0.000 0.041 
E 0.114 0.000 0.072 0.351 0.000 0.011 0.000 0.038 0.043 0.075 0.033 0.008 0.000 0.085 0.058 0.035 0.062 0.014 0.000 0.000 
R 0.050 0.000 0.016 0.064 0.000 0.008 0.000 0.014 0.114 0.077 0.032 0.046 0.000 0.045 0.475 0.039 0.007 0.014 0.000 0.000 
N 0.019 0.000 0.000 0.026 0.000 0.052 0.000 0.008 0.021 0.051 0.077 0.567 0.000 0.033 0.074 0.027 0.026 0.000 0.000 0.018 
R 0.124 0.000 0.019 0.053 0.000 0.000 0.018 0.017 0.295 0.040 0.034 0.034 0.000 0.105 0.142 0.026 0.034 0.059 0.000 0.000 
I 0.018 0.000 0.029 0.040 0.000 0.000 0.000 0.323 0.000 0.123 0.023 0.017 0.000 0.010 0.000 0.000 0.019 0.399 0.000 0.000 
D 0.045 0.010 0.436 0.063 0.000 0.042 0.016 0.000 0.064 0.022 0.000 0.135 0.014 0.027 0.027 0.048 0.040 0.000 0.000 0.009 
S 0.167 0.000 0.063 0.086 0.000 0.043 0.000 0.064 0.011 0.037 0.018 0.032 0.076 0.015 0.000 0.132 0.119 0.137 0.000 0.000 
D 0.065 0.000 0.192 0.197 0.000 0.103 0.000 0.000 0.031 0.010 0.000 0.068 0.008 0.033 0.029 0.206 0.036 0.020 0.000 0.000 
K 0.254 0.000 0.037 0.035 0.000 0.024 0.024 0.026 0.097 0.026 0.023 0.068 0.000 0.026 0.057 0.127 0.146 0.031 0.000 0.000 
L 0.033 0.000 0.000 0.009 0.000 0.000 0.011 0.122 0.010 0.416 0.132 0.016 0.000 0.030 0.009 0.028 0.063 0.115 0.000 0.008 
T 0.086 0.000 0.147 0.102 0.009 0.072 0.017 0.000 0.149 0.008 0.000 0.050 0.008 0.068 0.033 0.132 0.073 0.046 0.000 0.000 
D 0.155 0.008 0.205 0.111 0.000 0.099 0.026 0.011 0.061 0.008 0.000 0.042 0.009 0.032 0.000 0.173 0.034 0.024 0.000 0.000 
S 0.209 0.000 0.025 0.010 0.017 0.000 0.000 0.087 0.020 0.115 0.093 0.008 0.000 0.073 0.000 0.111 0.052 0.178 0.000 0.000 
A 0.196 0.000 0.038 0.133 0.000 0.034 0.000 0.038 0.058 0.113 0.054 0.011 0.011 0.049 0.018 0.052 0.078 0.119 0.000 0.000 
I 0.088 0.010 0.130 0.135 0.010 0.121 0.026 0.016 0.098 0.022 0.000 0.078 0.000 0.032 0.015 0.150 0.043 0.028 0.000 0.000 
D 0.262 0.000 0.091 0.051 0.016 0.031 0.092 0.041 0.098 0.016 0.000 0.066 0.000 0.052 0.019 0.082 0.061 0.007 0.000 0.016 
I 0.119 0.000 0.010 0.000 0.009 0.000 0.000 0.331 0.000 0.203 0.062 0.018 0.000 0.000 0.000 0.000 0.082 0.167 0.000 0.000 
V 0.090 0.000 0.000 0.038 0.014 0.000 0.017 0.031 0.077 0.189 0.040 0.008 0.000 0.129 0.038 0.055 0.077 0.190 0.000 0.007 
D 0.146 0.000 0.185 0.207 0.000 0.069 0.007 0.000 0.016 0.017 0.000 0.041 0.000 0.066 0.010 0.178 0.058 0.000 0.000 0.000 
S 0.166 0.000 0.062 0.081 0.000 0.079 0.031 0.000 0.036 0.033 0.027 0.115 0.000 0.060 0.008 0.196 0.074 0.033 0.000 0.000 
V 0.063 0.000 0.000 0.008 0.000 0.017 0.010 0.309 0.011 0.141 0.055 0.000 0.000 0.000 0.009 0.025 0.039 0.312 0.000 0.000 
R 0.104 0.000 0.093 0.139 0.033 0.089 0.000 0.028 0.114 0.027 0.007 0.074 0.039 0.082 0.041 0.047 0.056 0.025 0.000 0.000 
T 0.121 0.000 0.045 0.165 0.000 0.022 0.010 0.053 0.081 0.027 0.017 0.054 0.010 0.083 0.025 0.115 0.073 0.085 0.000 0.012 
A 0.210 0.000 0.080 0.056 0.000 0.077 0.010 0.029 0.083 0.019 0.011 0.147 0.019 0.011 0.029 0.140 0.062 0.017 0.000 0.000 
S 0.186 0.000 0.041 0.069 0.000 0.008 0.000 0.011 0.048 0.023 0.012 0.024 0.027 0.033 0.010 0.123 0.322 0.066 0.000 0.000 
K 0.215 0.000 0.046 0.145 0.010 0.019 0.000 0.013 0.107 0.038 0.008 0.083 0.010 0.019 0.023 0.154 0.046 0.063 0.000 0.000 
D 0.240 0.008 0.112 0.082 0.010 0.023 0.019 0.015 0.029 0.071 0.010 0.078 0.007 0.021 0.018 0.155 0.042 0.058 0.000 0.000 
L 0.076 0.000 0.019 0.019 0.016 0.021 0.010 0.061 0.020 0.434 0.156 0.012 0.025 0.028 0.000 0.046 0.009 0.049 0.000 0.000 
P 0.130 0.000 0.032 0.055 0.011 0.019 0.011 0.022 0.033 0.028 0.017 0.010 0.448 0.050 0.000 0.049 0.044 0.041 0.000 0.000 
T 0.032 0.000 0.127 0.072 0.000 0.008 0.000 0.018 0.023 0.019 0.000 0.064 0.018 0.031 0.000 0.270 0.262 0.037 0.000 0.020 
R 0.091 0.000 0.042 0.064 0.010 0.009 0.000 0.047 0.211 0.045 0.026 0.022 0.040 0.102 0.130 0.080 0.032 0.038 0.000 0.009 
A 0.062 0.000 0.213 0.343 0.000 0.011 0.008 0.000 0.045 0.008 0.020 0.019 0.031 0.037 0.000 0.106 0.040 0.058 0.000 0.000 
Q 0.145 0.000 0.103 0.363 0.000 0.019 0.000 0.007 0.020 0.008 0.026 0.009 0.038 0.113 0.000 0.069 0.034 0.046 0.000 0.000 
L 0.086 0.000 0.025 0.037 0.023 0.041 0.000 0.113 0.063 0.270 0.047 0.012 0.021 0.028 0.048 0.035 0.022 0.128 0.000 0.000 
D 0.135 0.013 0.065 0.138 0.000 0.041 0.010 0.010 0.193 0.057 0.020 0.030 0.000 0.159 0.029 0.034 0.043 0.024 0.000 0.000 
E 0.273 0.000 0.074 0.146 0.000 0.019 0.000 0.008 0.110 0.022 0.028 0.046 0.057 0.069 0.045 0.041 0.011 0.049 0.000 0.000 
I 0.212 0.009 0.039 0.128 0.000 0.016 0.010 0.039 0.077 0.079 0.046 0.029 0.000 0.050 0.019 0.091 0.075 0.066 0.000 0.014 
T 0.168 0.000 0.070 0.129 0.000 0.018 0.009 0.064 0.040 0.075 0.036 0.040 0.035 0.091 0.000 0.059 0.044 0.121 0.000 0.000 
S 0.117 0.009 0.231 0.123 0.010 0.029 0.019 0.020 0.019 0.049 0.000 0.078 0.020 0.092 0.015 0.072 0.060 0.030 0.000 0.008 
N 0.168 0.000 0.076 0.194 0.000 0.017 0.045 0.017 0.056 0.029 0.000 0.048 0.007 0.074 0.042 0.090 0.068 0.067 0.000 0.000 
D 0.123 0.000 0.118 0.036 0.009 0.054 0.034 0.025 0.036 0.037 0.000 0.149 0.036 0.000 0.010 0.213 0.055 0.048 0.000 0.017 
R 0.039 0.013 0.028 0.027 0.011 0.017 0.008 0.000 0.145 0.084 0.000 0.018 0.018 0.060 0.383 0.113 0.027 0.009 0.000 0.000 
P 0.045 0.016 0.035 0.000 0.030 0.018 0.030 0.061 0.000 0.094 0.019 0.081 0.359 0.000 0.000 0.016 0.038 0.085 0.000 0.073 
T 0.000 0.009 0.000 0.000 0.000 0.021 0.000 0.415 0.009 0.356 0.000 0.000 0.000 0.000 0.074 0.000 0.007 0.109 0.000 0.000 
P *
L 0.032 0.000 0.007 0.031 0.000 0.000 0.000 0.032 0.097 0.025 0.000 0.018 0.608 0.017 0.037 0.023 0.050 0.017 0.007 0.000 
A 0.131 0.127 0.000 0.000 0.105 0.000 0.193 0.060 0.000 0.008 0.008 0.010 0.113 0.026 0.009 0.000 0.000 0.033 0.000 0.179 
N 0.000 0.000 0.182 0.009 0.000 0.000 0.085 0.000 0.000 0.000 0.000 0.652 0.009 0.011 0.000 0.018 0.000 0.023 0.000 0.011 
I 0.107 0.000 0.000 0.036 0.000 0.000 0.008 0.075 0.050 0.275 0.075 0.012 0.073 0.026 0.126 0.043 0.027 0.059 0.009 0.000 
D 0.037 0.009 0.325 0.190 0.000 0.011 0.009 0.007 0.048 0.033 0.000 0.070 0.011 0.035 0.000 0.137 0.071 0.007 0.000 0.000 
A 0.772 0.000 0.000 0.034 0.000 0.043 0.000 0.000 0.007 0.000 0.000 0.000 0.000 0.009 0.010 0.015 0.110 0.000 0.000 0.000 
T 0.073 0.000 0.072 0.098 0.000 0.018 0.000 0.017 0.061 0.049 0.000 0.023 0.000 0.030 0.025 0.126 0.390 0.016 0.000 0.000 
D 0.031 0.012 0.133 0.081 0.000 0.000 0.028 0.037 0.095 0.021 0.007 0.113 0.000 0.017 0.017 0.130 0.258 0.008 0.000 0.013 
V 0.047 0.000 0.000 0.009 0.000 0.000 0.000 0.067 0.009 0.032 0.000 0.000 0.533 0.009 0.013 0.000 0.000 0.280 0.000 0.000 
E 0.142 0.000 0.141 0.267 0.000 0.048 0.009 0.000 0.066 0.000 0.000 0.026 0.011 0.064 0.039 0.116 0.044 0.028 0.000 0.000 
Q 0.008 0.000 0.340 0.315 0.009 0.046 0.000 0.000 0.104 0.018 0.020 0.031 0.000 0.072 0.022 0.000 0.009 0.000 0.000 0.006 
I 0.207 0.000 0.000 0.000 0.000 0.000 0.000 0.187 0.000 0.000 0.000 0.000 0.000 0.011 0.000 0.000 0.000 0.595 0.000 0.000 
Y 0.000 0.000 0.000 0.000 0.026 0.010 0.000 0.000 0.000 0.000 0.000 0.000 0.000 0.000 0.000 0.000 0.000 0.000 0.000 0.963 
P 0.062 0.017 0.108 0.007 0.000 0.000 0.009 0.009 0.095 0.077 0.000 0.099 0.315 0.034 0.059 0.065 0.032 0.010 0.000 0.000 
I 0.017 0.000 0.000 0.000 0.040 0.000 0.010 0.237 0.000 0.416 0.043 0.000 0.059 0.000 0.014 0.016 0.037 0.079 0.000 0.031 
E 0.000 0.000 0.290 0.298 0.000 0.016 0.014 0.000 0.049 0.009 0.000 0.068 0.000 0.036 0.020 0.148 0.014 0.007 0.000 0.031 
S 0.022 0.000 0.301 0.094 0.000 0.080 0.000 0.016 0.093 0.035 0.000 0.084 0.000 0.049 0.018 0.105 0.053 0.050 0.000 0.000 
I 0.000 0.000 0.000 0.000 0.095 0.000 0.000 0.432 0.000 0.343 0.017 0.000 0.000 0.000 0.000 0.000 0.000 0.086 0.000 0.026 
I 0.033 0.000 0.000 0.000 0.018 0.000 0.008 0.463 0.000 0.137 0.024 0.000 0.010 0.000 0.000 0.017 0.000 0.289 0.000 0.000 
P 0.010 0.000 0.009 0.008 0.024 0.099 0.014 0.000 0.000 0.070 0.000 0.016 0.415 0.008 0.010 0.200 0.095 0.009 0.011 0.000 
K 0.103 0.000 0.106 0.087 0.009 0.025 0.000 0.009 0.120 0.026 0.008 0.023 0.268 0.033 0.048 0.090 0.035 0.009 0.000 0.000 
K 0.133 0.000 0.115 0.249 0.020 0.081 0.027 0.000 0.033 0.008 0.010 0.048 0.030 0.027 0.054 0.076 0.064 0.018 0.000 0.007 
E 0.026 0.036 0.041 0.460 0.008 0.010 0.011 0.096 0.016 0.069 0.010 0.011 0.009 0.019 0.000 0.013 0.010 0.145 0.010 0.000 
L 0.036 0.000 0.009 0.017 0.073 0.000 0.028 0.026 0.007 0.335 0.107 0.000 0.000 0.025 0.044 0.040 0.000 0.044 0.095 0.115 
Q 0.091 0.000 0.100 0.185 0.009 0.049 0.014 0.018 0.110 0.000 0.000 0.113 0.026 0.073 0.052 0.089 0.025 0.028 0.000 0.018 
F 0.313 0.040 0.010 0.032 0.007 0.039 0.037 0.012 0.000 0.069 0.039 0.037 0.000 0.043 0.000 0.161 0.069 0.032 0.000 0.061 
I 0.008 0.029 0.000 0.000 0.018 0.000 0.000 0.285 0.000 0.515 0.025 0.000 0.000 0.024 0.000 0.009 0.007 0.069 0.000 0.011 
R 0.063 0.000 0.156 0.065 0.000 0.025 0.015 0.000 0.123 0.041 0.009 0.067 0.148 0.043 0.106 0.076 0.025 0.000 0.007 0.030 
V 0.028 0.011 0.009 0.148 0.007 0.035 0.009 0.155 0.038 0.033 0.016 0.020 0.000 0.000 0.000 0.062 0.096 0.324 0.000 0.009 
S 0.060 0.000 0.088 0.156 0.000 0.077 0.040 0.019 0.147 0.052 0.028 0.009 0.035 0.047 0.083 0.075 0.044 0.019 0.000 0.019 
S 0.270 0.000 0.090 0.110 0.016 0.011 0.000 0.048 0.063 0.018 0.000 0.029 0.082 0.043 0.024 0.096 0.024 0.058 0.008 0.011 
I 0.009 0.000 0.009 0.000 0.152 0.000 0.000 0.160 0.011 0.357 0.013 0.008 0.018 0.000 0.000 0.020 0.008 0.068 0.148 0.019 
L 0.046 0.000 0.020 0.042 0.064 0.009 0.031 0.092 0.019 0.328 0.069 0.011 0.000 0.094 0.043 0.031 0.008 0.075 0.007 0.010 
K 0.104 0.000 0.125 0.145 0.036 0.036 0.026 0.000 0.174 0.017 0.000 0.091 0.008 0.076 0.071 0.064 0.007 0.007 0.000 0.012 
E 0.377 0.044 0.034 0.043 0.049 0.035 0.000 0.000 0.050 0.073 0.019 0.060 0.016 0.000 0.000 0.113 0.048 0.019 0.000 0.019 
A 0.089 0.025 0.049 0.092 0.000 0.082 0.010 0.034 0.100 0.041 0.000 0.055 0.025 0.043 0.041 0.123 0.109 0.073 0.000 0.009 
D 0.043 0.000 0.190 0.137 0.007 0.029 0.000 0.000 0.095 0.033 0.000 0.051 0.038 0.052 0.041 0.132 0.134 0.018 0.000 0.000 
K 0.121 0.000 0.101 0.244 0.000 0.013 0.017 0.031 0.067 0.068 0.008 0.049 0.101 0.018 0.019 0.076 0.043 0.023 0.000 0.000 
E 0.074 0.000 0.107 0.232 0.000 0.120 0.000 0.022 0.150 0.050 0.014 0.055 0.024 0.009 0.048 0.044 0.038 0.012 0.000 0.000 
K 0.081 0.000 0.144 0.294 0.009 0.028 0.000 0.000 0.101 0.000 0.000 0.008 0.012 0.110 0.022 0.062 0.085 0.024 0.000 0.021 
K 0.062 0.012 0.033 0.069 0.028 0.049 0.000 0.084 0.038 0.129 0.031 0.055 0.047 0.011 0.231 0.017 0.034 0.033 0.026 0.010 
L 0.093 0.000 0.057 0.055 0.013 0.010 0.011 0.151 0.070 0.179 0.009 0.033 0.000 0.084 0.030 0.029 0.060 0.116 0.000 0.000 
E 0.103 0.009 0.063 0.130 0.000 0.058 0.000 0.008 0.178 0.022 0.000 0.085 0.000 0.146 0.045 0.053 0.078 0.021 0.000 0.000 
L 0.056 0.017 0.020 0.048 0.044 0.010 0.000 0.053 0.027 0.331 0.072 0.020 0.025 0.027 0.010 0.018 0.061 0.089 0.063 0.009 
F 0.033 0.000 0.039 0.031 0.040 0.011 0.000 0.100 0.060 0.409 0.045 0.061 0.011 0.017 0.060 0.000 0.025 0.048 0.000 0.010 
P 0.060 0.000 0.036 0.110 0.025 0.024 0.000 0.000 0.021 0.038 0.000 0.067 0.394 0.021 0.029 0.093 0.060 0.021 0.000 0.000 
Y 0.032 0.021 0.082 0.091 0.113 0.011 0.022 0.000 0.081 0.011 0.000 0.042 0.022 0.022 0.000 0.056 0.078 0.082 0.075 0.158 
Q 0.031 0.010 0.060 0.052 0.011 0.132 0.010 0.044 0.050 0.041 0.000 0.061 0.046 0.024 0.189 0.124 0.056 0.051 0.000 0.010 
N 0.034 0.000 0.017 0.042 0.060 0.043 0.041 0.034 0.121 0.030 0.020 0.050 0.024 0.015 0.103 0.061 0.122 0.028 0.007 0.147 
N 0.080 0.000 0.071 0.142 0.040 0.000 0.000 0.072 0.000 0.036 0.000 0.033 0.216 0.080 0.000 0.036 0.000 0.035 0.000 0.159 
S 0.031 0.071 0.000 0.009 0.034 0.034 0.019 0.000 0.000 0.017 0.017 0.026 0.267 0.000 0.000 0.426 0.035 0.000 0.000 0.014 
K 0.051 0.009 0.074 0.101 0.000 0.038 0.026 0.010 0.132 0.056 0.009 0.053 0.045 0.069 0.129 0.135 0.039 0.015 0.000 0.009 
Y 0.010 0.030 0.000 0.000 0.382 0.009 0.000 0.000 0.000 0.038 0.029 0.000 0.000 0.007 0.000 0.015 0.016 0.041 0.121 0.302 
V 0.011 0.010 0.000 0.000 0.042 0.000 0.011 0.227 0.010 0.097 0.000 0.000 0.000 0.000 0.000 0.000 0.000 0.583 0.000 0.010 
A 0.217 0.039 0.007 0.026 0.025 0.022 0.009 0.045 0.078 0.220 0.008 0.091 0.000 0.015 0.079 0.038 0.032 0.030 0.000 0.019 
K 0.045 0.000 0.109 0.100 0.010 0.046 0.053 0.000 0.099 0.020 0.000 0.153 0.009 0.077 0.074 0.154 0.037 0.000 0.000 0.015 
K 0.027 0.000 0.000 0.010 0.012 0.017 0.087 0.030 0.091 0.046 0.021 0.010 0.000 0.019 0.535 0.017 0.032 0.035 0.000 0.011 
L 0.027 0.008 0.000 0.000 0.029 0.011 0.000 0.217 0.023 0.501 0.060 0.000 0.008 0.000 0.010 0.011 0.000 0.095 0.000 0.000 
D 0.083 0.000 0.021 0.096 0.014 0.059 0.046 0.033 0.046 0.010 0.020 0.048 0.064 0.069 0.091 0.118 0.053 0.050 0.042 0.037 
S 0.105 0.000 0.057 0.043 0.026 0.049 0.008 0.026 0.178 0.059 0.010 0.077 0.027 0.035 0.122 0.114 0.033 0.014 0.000 0.019 
L 0.108 0.000 0.010 0.009 0.000 0.000 0.009 0.131 0.000 0.457 0.026 0.009 0.013 0.017 0.021 0.047 0.031 0.104 0.000 0.009 
T 0.104 0.039 0.009 0.009 0.007 0.044 0.010 0.064 0.049 0.161 0.018 0.023 0.141 0.031 0.062 0.085 0.046 0.089 0.008 0.000 
Q 0.037 0.009 0.112 0.156 0.000 0.087 0.018 0.010 0.107 0.000 0.000 0.053 0.120 0.048 0.047 0.137 0.049 0.010 0.000 0.000 
P 0.101 0.000 0.122 0.185 0.000 0.042 0.000 0.010 0.163 0.036 0.000 0.023 0.069 0.016 0.024 0.138 0.041 0.029 0.000 0.000 
S 0.087 0.000 0.130 0.088 0.015 0.049 0.000 0.017 0.175 0.069 0.011 0.048 0.034 0.061 0.044 0.067 0.053 0.043 0.000 0.007 
Q 0.068 0.000 0.147 0.060 0.006 0.033 0.021 0.009 0.065 0.010 0.000 0.120 0.041 0.036 0.195 0.078 0.041 0.061 0.000 0.011 
M 0.084 0.000 0.035 0.076 0.000 0.008 0.023 0.024 0.195 0.086 0.025 0.009 0.029 0.037 0.091 0.057 0.111 0.094 0.015 0.000 
T 0.032 0.000 0.076 0.181 0.000 0.018 0.073 0.040 0.142 0.046 0.010 0.046 0.009 0.061 0.112 0.041 0.061 0.015 0.018 0.020 
K 0.046 0.000 0.014 0.016 0.000 0.000 0.034 0.011 0.242 0.067 0.027 0.034 0.007 0.079 0.342 0.008 0.053 0.018 0.000 0.000 
L 0.262 0.063 0.000 0.000 0.007 0.000 0.000 0.119 0.010 0.391 0.023 0.000 0.000 0.000 0.000 0.018 0.019 0.088 0.000 0.000 
Q 0.039 0.103 0.000 0.000 0.000 0.029 0.014 0.000 0.273 0.010 0.000 0.018 0.000 0.083 0.322 0.029 0.037 0.043 0.000 0.000 
L 0.049 0.084 0.000 0.000 0.020 0.011 0.010 0.193 0.031 0.318 0.092 0.000 0.011 0.009 0.016 0.010 0.009 0.069 0.000 0.067 
L 0.036 0.025 0.000 0.000 0.044 0.008 0.000 0.074 0.000 0.695 0.037 0.000 0.000 0.000 0.009 0.013 0.018 0.015 0.000 0.025 
Y 0.079 0.000 0.000 0.000 0.024 0.011 0.000 0.065 0.042 0.208 0.055 0.000 0.000 0.017 0.102 0.095 0.025 0.132 0.017 0.129 
Y 0.000 0.009 0.000 0.009 0.108 0.000 0.021 0.009 0.013 0.115 0.030 0.000 0.000 0.000 0.000 0.000 0.009 0.008 0.000 0.668 
L 0.082 0.018 0.000 0.000 0.018 0.000 0.000 0.302 0.000 0.412 0.061 0.000 0.000 0.000 0.000 0.000 0.035 0.039 0.000 0.033 
S 0.130 0.008 0.103 0.041 0.000 0.067 0.043 0.009 0.000 0.078 0.014 0.067 0.000 0.033 0.008 0.284 0.057 0.028 0.000 0.029 
L 0.082 0.083 0.000 0.010 0.052 0.000 0.120 0.039 0.009 0.203 0.048 0.011 0.008 0.008 0.009 0.027 0.047 0.000 0.000 0.243 
L 0.007 0.013 0.000 0.000 0.036 0.011 0.000 0.016 0.000 0.716 0.194 0.000 0.000 0.000 0.000 0.000 0.000 0.007 0.000 0.000 
L 0.033 0.000 0.000 0.007 0.057 0.000 0.017 0.293 0.000 0.262 0.120 0.016 0.000 0.009 0.009 0.009 0.000 0.133 0.016 0.020 
G 0.167 0.014 0.025 0.075 0.000 0.050 0.054 0.000 0.173 0.007 0.007 0.089 0.000 0.040 0.105 0.072 0.089 0.024 0.000 0.010 
V 0.000 0.031 0.000 0.000 0.513 0.000 0.000 0.026 0.000 0.276 0.044 0.000 0.000 0.000 0.000 0.000 0.021 0.036 0.023 0.029 
Y 0.028 0.020 0.000 0.018 0.069 0.000 0.067 0.000 0.059 0.109 0.048 0.026 0.000 0.008 0.157 0.034 0.031 0.042 0.025 0.259 
E 0.057 0.007 0.077 0.022 0.034 0.043 0.058 0.016 0.130 0.037 0.021 0.075 0.000 0.098 0.129 0.085 0.074 0.028 0.000 0.011 
N 0.140 0.015 0.010 0.009 0.008 0.062 0.018 0.035 0.079 0.125 0.041 0.137 0.047 0.078 0.029 0.104 0.049 0.017 0.000 0.000 
R 0.051 0.007 0.038 0.015 0.039 0.019 0.053 0.033 0.186 0.051 0.032 0.009 0.054 0.046 0.218 0.073 0.024 0.035 0.000 0.016 
R 0.099 0.000 0.021 0.014 0.010 0.044 0.043 0.022 0.227 0.008 0.000 0.051 0.028 0.054 0.247 0.048 0.029 0.034 0.000 0.021 
V 0.098 0.007 0.000 0.039 0.056 0.045 0.028 0.128 0.042 0.185 0.008 0.000 0.028 0.011 0.028 0.091 0.052 0.153 0.000 0.000 
N 0.069 0.000 0.032 0.010 0.008 0.059 0.036 0.042 0.124 0.081 0.017 0.056 0.090 0.037 0.175 0.080 0.040 0.038 0.007 0.000 
N 0.031 0.000 0.131 0.007 0.018 0.097 0.007 0.021 0.213 0.016 0.018 0.118 0.064 0.043 0.064 0.088 0.043 0.010 0.000 0.009 
K 0.026 0.000 0.010 0.010 0.018 0.019 0.008 0.000 0.342 0.040 0.027 0.030 0.111 0.009 0.276 0.032 0.015 0.028 0.000 0.000 
T 0.093 0.000 0.240 0.129 0.032 0.065 0.010 0.000 0.086 0.028 0.000 0.034 0.031 0.009 0.042 0.165 0.038 0.000 0.000 0.000 
K 0.086 0.011 0.092 0.072 0.017 0.063 0.008 0.055 0.216 0.048 0.000 0.039 0.061 0.024 0.043 0.061 0.063 0.039 0.000 0.000 
L 0.013 0.010 0.011 0.010 0.062 0.012 0.000 0.059 0.013 0.639 0.036 0.000 0.009 0.000 0.000 0.035 0.021 0.059 0.011 0.000 
L 0.156 0.000 0.021 0.057 0.036 0.023 0.008 0.050 0.111 0.073 0.034 0.029 0.063 0.064 0.062 0.108 0.047 0.047 0.000 0.011 
E 0.099 0.000 0.027 0.190 0.011 0.044 0.011 0.019 0.171 0.000 0.027 0.061 0.010 0.061 0.076 0.060 0.084 0.027 0.011 0.011 
R 0.070 0.012 0.018 0.095 0.010 0.028 0.011 0.044 0.278 0.061 0.010 0.072 0.008 0.009 0.141 0.054 0.028 0.038 0.000 0.011 
L 0.046 0.010 0.000 0.011 0.137 0.026 0.029 0.052 0.018 0.459 0.034 0.009 0.000 0.010 0.000 0.023 0.033 0.063 0.020 0.020 
N 0.048 0.043 0.018 0.038 0.018 0.086 0.048 0.026 0.111 0.033 0.009 0.074 0.139 0.052 0.033 0.134 0.037 0.042 0.010 0.000 
S 0.071 0.019 0.105 0.058 0.022 0.185 0.040 0.027 0.058 0.028 0.019 0.076 0.086 0.035 0.021 0.082 0.036 0.011 0.000 0.020 
P 0.063 0.048 0.009 0.020 0.048 0.026 0.009 0.220 0.010 0.070 0.015 0.014 0.128 0.028 0.000 0.033 0.063 0.105 0.046 0.045 
P 0.023 0.000 0.028 0.009 0.008 0.026 0.010 0.000 0.020 0.000 0.000 0.009 0.679 0.000 0.020 0.149 0.020 0.000 0.000 0.000 
E 0.063 0.000 0.115 0.194 0.020 0.055 0.070 0.007 0.027 0.008 0.028 0.038 0.108 0.066 0.072 0.084 0.017 0.008 0.000 0.020 
I 0.113 0.000 0.069 0.059 0.018 0.030 0.016 0.215 0.048 0.045 0.042 0.028 0.082 0.024 0.025 0.022 0.064 0.091 0.000 0.010 
L 0.026 0.007 0.000 0.000 0.052 0.000 0.000 0.256 0.000 0.221 0.032 0.000 0.000 0.006 0.000 0.018 0.031 0.349 0.000 0.000 
V 0.112 0.008 0.000 0.009 0.035 0.025 0.029 0.103 0.066 0.242 0.015 0.061 0.000 0.032 0.043 0.017 0.037 0.139 0.000 0.027 
D 0.040 0.000 0.223 0.205 0.007 0.038 0.019 0.008 0.056 0.016 0.006 0.105 0.000 0.096 0.040 0.069 0.053 0.009 0.009 0.000 
G 0.043 0.000 0.052 0.010 0.011 0.204 0.151 0.008 0.155 0.036 0.000 0.038 0.020 0.049 0.028 0.086 0.014 0.011 0.000 0.087 
I 0.007 0.025 0.000 0.000 0.129 0.000 0.010 0.215 0.000 0.448 0.076 0.000 0.000 0.000 0.000 0.000 0.000 0.091 0.000 0.000 
L 0.000 0.000 0.000 0.000 0.049 0.000 0.000 0.108 0.014 0.501 0.042 0.000 0.000 0.000 0.138 0.017 0.051 0.052 0.007 0.020 
S 0.099 0.000 0.161 0.105 0.006 0.025 0.016 0.007 0.081 0.000 0.000 0.118 0.000 0.019 0.167 0.130 0.057 0.000 0.000 0.010 
R 0.000 0.000 0.021 0.019 0.000 0.009 0.028 0.008 0.211 0.057 0.062 0.053 0.000 0.063 0.307 0.000 0.137 0.025 0.000 0.000 
F 0.000 0.000 0.000 0.000 0.858 0.000 0.000 0.000 0.000 0.000 0.000 0.000 0.000 0.000 0.000 0.000 0.000 0.000 0.000 0.142 
T 0.170 0.035 0.010 0.000 0.049 0.020 0.000 0.000 0.000 0.055 0.008 0.000 0.000 0.000 0.006 0.093 0.454 0.034 0.000 0.066 
V 0.012 0.017 0.125 0.295 0.008 0.008 0.028 0.046 0.000 0.064 0.008 0.070 0.038 0.059 0.000 0.044 0.086 0.093 0.000 0.000 
I 0.060 0.016 0.038 0.073 0.051 0.047 0.022 0.026 0.104 0.036 0.035 0.034 0.052 0.047 0.072 0.110 0.103 0.047 0.007 0.019 
K 0.048 0.008 0.064 0.046 0.000 0.059 0.022 0.036 0.096 0.029 0.020 0.038 0.022 0.033 0.012 0.181 0.129 0.157 0.000 0.000 
P 0.107 0.010 0.045 0.039 0.019 0.145 0.011 0.052 0.073 0.009 0.021 0.064 0.044 0.017 0.174 0.071 0.033 0.049 0.000 0.018 
G 0.013 0.000 0.096 0.061 0.000 0.308 0.000 0.026 0.022 0.044 0.009 0.158 0.000 0.038 0.040 0.076 0.082 0.027 0.000 0.000 
Q 0.034 0.000 0.072 0.093 0.020 0.213 0.000 0.008 0.079 0.015 0.008 0.066 0.053 0.035 0.048 0.155 0.093 0.008 0.000 0.000 
F 0.070 0.000 0.026 0.070 0.070 0.060 0.044 0.016 0.081 0.047 0.019 0.158 0.000 0.027 0.173 0.083 0.014 0.041 0.000 0.000 
G 0.036 0.019 0.017 0.093 0.000 0.509 0.000 0.000 0.089 0.033 0.014 0.093 0.014 0.000 0.021 0.032 0.015 0.015 0.000 0.000 
R 0.085 0.000 0.000 0.023 0.000 0.107 0.000 0.000 0.223 0.000 0.000 0.000 0.021 0.000 0.418 0.058 0.038 0.027 0.000 0.000 
S 0.063 0.000 0.061 0.000 0.000 0.179 0.058 0.000 0.000 0.114 0.065 0.000 0.000 0.061 0.000 0.289 0.048 0.000 0.000 0.061 
K 0.084 0.000 0.036 0.069 0.028 0.179 0.000 0.031 0.307 0.000 0.000 0.034 0.039 0.037 0.079 0.040 0.000 0.000 0.000 0.038 
D 0.029 0.000 0.056 0.020 0.000 0.142 0.023 0.070 0.184 0.000 0.000 0.022 0.000 0.071 0.084 0.131 0.069 0.074 0.000 0.026 
R 0.090 0.000 0.046 0.093 0.000 0.045 0.036 0.013 0.150 0.058 0.031 0.068 0.061 0.034 0.090 0.046 0.092 0.046 0.000 0.000 
S 0.011 0.000 0.022 0.023 0.012 0.048 0.012 0.012 0.274 0.015 0.000 0.052 0.024 0.059 0.188 0.106 0.058 0.072 0.000 0.012 
Y 0.027 0.000 0.009 0.000 0.108 0.014 0.070 0.055 0.000 0.080 0.000 0.079 0.039 0.012 0.224 0.018 0.019 0.020 0.026 0.199 
F 0.110 0.070 0.014 0.025 0.046 0.000 0.000 0.051 0.081 0.087 0.023 0.061 0.012 0.041 0.055 0.072 0.133 0.096 0.000 0.022 
I 0.000 0.000 0.000 0.000 0.113 0.000 0.000 0.134 0.009 0.182 0.187 0.000 0.020 0.037 0.066 0.009 0.016 0.225 0.000 0.000 
D 0.030 0.000 0.066 0.000 0.000 0.009 0.000 0.000 0.000 0.000 0.009 0.054 0.231 0.000 0.022 0.270 0.309 0.000 0.000 0.000 
P 0.044 0.000 0.075 0.049 0.000 0.031 0.000 0.019 0.187 0.024 0.015 0.048 0.179 0.024 0.057 0.147 0.063 0.039 0.000 0.000 
Q 0.082 0.000 0.026 0.101 0.119 0.011 0.000 0.027 0.091 0.009 0.044 0.020 0.018 0.097 0.119 0.086 0.061 0.018 0.045 0.024 
N 0.058 0.018 0.032 0.048 0.009 0.030 0.076 0.000 0.101 0.168 0.155 0.075 0.000 0.073 0.013 0.089 0.016 0.020 0.000 0.020 
E 0.036 0.007 0.030 0.110 0.000 0.010 0.038 0.029 0.345 0.037 0.027 0.009 0.000 0.065 0.173 0.013 0.033 0.038 0.000 0.000 
D 0.043 0.000 0.563 0.053 0.000 0.008 0.010 0.032 0.009 0.000 0.000 0.036 0.000 0.014 0.028 0.055 0.129 0.020 0.000 0.000 
K 0.013 0.000 0.000 0.011 0.006 0.000 0.000 0.000 0.555 0.212 0.024 0.020 0.000 0.000 0.139 0.008 0.000 0.000 0.000 0.011 
I 0.024 0.018 0.000 0.000 0.007 0.025 0.000 0.145 0.000 0.643 0.049 0.000 0.000 0.009 0.000 0.000 0.027 0.045 0.000 0.009 
